,open,high,low,close,volume
20201014,655000,660000,650000,652000,863
20201013,663000,665000,657000,657000,884
20201012,652000,661000,651000,661000,1012
20201008,656000,666000,650000,651000,1132
20201007,648000,659000,648000,656000,355
20201006,653000,665000,653000,659000,363
20201005,649000,665000,649000,656000,789
20200929,641000,658000,641000,652000,1800
20200928,638000,647000,638000,644000,431
20200925,632000,642000,632000,638000,634
20200924,653000,653000,635000,636000,1335
20200923,661000,668000,649000,650000,1230
20200922,683000,683000,662000,664000,1215
20200921,683000,689000,677000,679000,651
20200918,695000,695000,683000,688000,1279
20200917,684000,694000,680000,694000,800
20200916,688000,694000,683000,684000,920
20200915,695000,696000,687000,687000,1102
20200914,696000,700000,691000,695000,1023
20200911,682000,690000,682000,685000,1095
20200910,687000,700000,682000,687000,1476
20200909,685000,697000,685000,685000,825
20200908,689000,701000,688000,698000,1675
20200907,676000,695000,675000,687000,1219
20200904,662000,690000,662000,682000,1623
20200903,665000,676000,665000,674000,1555
20200902,669000,673000,663000,664000,787
20200901,662000,677000,661000,668000,959
20200831,667000,680000,660000,660000,1218
20200828,661000,672000,657000,666000,1875
20200827,666000,667000,659000,661000,1338
20200826,670000,670000,661000,666000,1094
20200825,664000,671000,664000,668000,1189
20200824,668000,673000,661000,663000,811
20200821,669000,677000,659000,670000,1297
20200820,690000,691000,668000,668000,2563
20200819,695000,701000,687000,692000,873
20200818,718000,720000,692000,694000,1837
20200814,715000,716000,700000,713000,954
20200813,716000,719000,707000,708000,1919
20200812,707000,714000,694000,714000,1745
20200811,697000,710000,695000,701000,2035
20200810,685000,701000,684000,697000,1132
20200807,691000,698000,684000,688000,905
20200806,685000,702000,684000,690000,936
20200805,686000,690000,681000,688000,996
20200804,678000,689000,677000,688000,757
20200803,685000,686000,677000,679000,644
20200731,687000,694000,681000,681000,1011
20200730,686000,695000,686000,687000,1076
20200729,684000,690000,684000,686000,889
20200728,699000,701000,688000,690000,1351
20200727,687000,700000,686000,699000,546
20200724,696000,700000,691000,692000,1246
20200723,706000,713000,699000,700000,1308
20200722,702000,714000,699000,706000,948
20200721,702000,709000,698000,701000,1884
20200720,706000,711000,699000,701000,888
20200717,715000,715000,708000,712000,269
20200716,711000,720000,708000,709000,460
20200715,714000,729000,710000,715000,1073
20200714,711000,712000,704000,712000,614
20200713,720000,725000,707000,715000,496
20200710,705000,720000,697000,717000,1245
20200709,713000,714000,705000,705000,460
20200708,711000,717000,702000,704000,492
20200707,729000,729000,710000,711000,471
20200706,704000,727000,700000,721000,821
20200703,698000,705000,698000,703000,327
20200702,701000,708000,697000,701000,392
20200701,698000,706000,697000,697000,422
20200630,695000,704000,694000,696000,725
20200629,715000,715000,691000,693000,1040
20200626,716000,726000,712000,717000,594
20200625,731000,733000,715000,716000,1255
20200624,737000,746000,735000,735000,590
20200623,741000,745000,729000,737000,723
20200622,747000,768000,736000,738000,1460
20200619,734000,790000,723000,740000,1948
20200618,736000,745000,731000,731000,1226
20200617,744000,756000,735000,745000,880
20200616,725000,753000,713000,750000,1819
20200615,745000,745000,704000,704000,3143
20200612,760000,762000,745000,746000,2488
20200611,792000,805000,776000,784000,1650
20200610,808000,810000,794000,800000,928
20200609,803000,820000,790000,799000,1287
20200608,810000,846000,801000,803000,1677
20200605,767000,808000,763000,802000,3206
20200604,786000,791000,762000,762000,1883
20200603,761000,783000,752000,779000,2911
20200602,751000,760000,748000,750000,912
20200601,741000,752000,741000,752000,808
20200529,760000,761000,740000,740000,2066
20200528,760000,770000,753000,755000,1605
20200527,753000,761000,752000,760000,1204
20200526,753000,762000,747000,752000,1771
20200525,760000,765000,746000,752000,1019
20200522,777000,777000,755000,759000,1587
20200521,776000,784000,771000,772000,813
20200520,779000,781000,770000,775000,655
20200519,781000,787000,776000,780000,1333
20200518,771000,776000,761000,771000,880
20200515,759000,783000,746000,771000,1643
20200514,754000,758000,744000,758000,676
20200513,753000,763000,737000,755000,1556
20200512,774000,777000,755000,755000,1745
20200511,780000,793000,768000,775000,2066
20200508,766000,787000,766000,780000,1117
20200507,771000,775000,767000,770000,818
20200506,788000,795000,770000,771000,1325
20200504,790000,793000,762000,783000,1678
20200429,772000,844000,772000,800000,3814
20200428,754000,773000,747000,766000,2085
20200427,720000,751000,720000,747000,1360
20200424,722000,727000,714000,720000,1389
20200423,721000,735000,718000,730000,1353
20200422,727000,727000,711000,717000,2141
20200421,751000,759000,723000,727000,2702
20200420,756000,773000,756000,760000,1183
20200417,750000,761000,750000,756000,835
20200416,760000,761000,747000,747000,1619
20200414,738000,769000,738000,760000,1117
20200413,736000,747000,735000,741000,864
20200410,746000,749000,727000,747000,1179
20200409,733000,746000,727000,746000,2189
20200408,712000,735000,679000,723000,2382
20200407,670000,700000,662000,700000,2520
20200406,637000,657000,630000,652000,1924
20200403,616000,630000,611000,630000,1694
20200402,613000,630000,601000,620000,1491
20200401,610000,636000,610000,621000,2548
20200331,631000,648000,623000,629000,1519
20200330,586000,630000,586000,630000,1215
20200327,641000,647000,610000,625000,2113
20200326,610000,651000,596000,620000,3706
20200325,575000,613000,559000,609000,3526
20200324,521000,541000,511000,540000,2222
20200323,538000,538000,505000,506000,2480
20200320,491000,579000,491000,579000,3103
20200319,581000,581000,487000,496000,3096
20200318,581000,595000,553000,566000,2006
20200317,570000,604000,570000,577000,1653
20200316,642000,649000,600000,601000,2714
20200313,650000,660000,619000,634000,2853
20200312,711000,728000,666000,695000,2104
20200311,734000,755000,718000,725000,1976
20200310,731000,747000,729000,738000,1153
20200309,781000,781000,733000,748000,1551
20200306,799000,808000,787000,788000,1302
20200305,807000,815000,801000,810000,718
20200304,808000,820000,803000,804000,618
20200303,807000,819000,802000,804000,619
20200302,806000,812000,796000,802000,595
20200228,810000,810000,795000,806000,1154
20200227,829000,829000,810000,815000,890
20200226,833000,833000,821000,822000,692
20200225,816000,838000,816000,834000,572
20200224,860000,860000,833000,835000,1149
20200221,886000,886000,862000,866000,1101
20200220,905000,921000,890000,890000,1092
20200219,925000,925000,903000,903000,552
20200218,920000,922000,913000,914000,395
20200217,924000,928000,921000,926000,347
20200214,930000,939000,923000,930000,375
20200213,954000,954000,929000,936000,950
20200212,943000,960000,932000,946000,565
20200211,932000,943000,921000,942000,599
20200210,920000,931000,918000,924000,367
20200207,917000,936000,917000,933000,773
20200206,916000,929000,903000,917000,1222
20200205,914000,916000,900000,900000,1381
20200204,917000,926000,914000,914000,1363
20200203,940000,944000,916000,921000,1051
20200131,940000,945000,933000,933000,554
20200130,961000,961000,939000,939000,495
20200129,946000,958000,938000,950000,745
20200128,968000,970000,940000,943000,1906
20200123,1014000,1014000,988000,988000,1256
20200122,1020000,1025000,1009000,1011000,591
20200121,1033000,1033000,1019000,1020000,540
20200120,1018000,1034000,1017000,1020000,1056
20200117,1017000,1032000,1017000,1018000,628
20200116,1015000,1025000,1015000,1017000,675
20200115,1035000,1035000,1016000,1017000,446
20200114,1012000,1034000,1012000,1031000,967
20200113,1020000,1025000,1011000,1018000,525
20200110,1006000,1032000,1004000,1017000,925
20200109,1014000,1027000,1001000,1013000,1041
20200108,1040000,1049000,1002000,1007000,1527
20200107,1051000,1068000,1040000,1048000,705
20200106,1069000,1079000,1049000,1050000,696
20200103,1079000,1086000,1066000,1079000,791
20200102,1066000,1095000,1047000,1065000,1294
20191230,1045000,1062000,1040000,1060000,525
20191227,1055000,1059000,1030000,1049000,691
20191226,1071000,1076000,1053000,1054000,1014
20191224,1041000,1082000,1037000,1071000,1470
20191223,1036000,1045000,1027000,1042000,523
20191220,1007000,1040000,1002000,1023000,1197
20191219,986000,1009000,986000,1000000,1087
20191218,988000,997000,987000,990000,583
20191217,999000,1002000,985000,991000,1040
20191216,996000,998000,977000,997000,1068
20191213,981000,1004000,980000,994000,1686
20191212,999000,999000,974000,974000,1947
20191211,994000,1000000,980000,988000,743
20191210,982000,996000,971000,994000,1160
20191209,1002000,1004000,982000,982000,1114
20191206,1020000,1030000,1000000,1000000,749
20191205,1032000,1038000,1001000,1018000,1180
20191204,1051000,1054000,1032000,1037000,639
20191203,1075000,1075000,1055000,1063000,261
20191202,1065000,1076000,1065000,1075000,409
20191129,1092000,1092000,1072000,1074000,541
20191128,1083000,1084000,1078000,1080000,327
20191127,1100000,1107000,1085000,1090000,376
20191126,1074000,1094000,1074000,1094000,814
20191125,1061000,1083000,1059000,1082000,671
20191122,1079000,1079000,1052000,1059000,355
20191121,1079000,1081000,1061000,1065000,973
20191120,1082000,1089000,1069000,1082000,788
20191119,1091000,1094000,1077000,1082000,680
20191118,1108000,1128000,1094000,1101000,608
20191115,1099000,1133000,1098000,1111000,744
20191114,1120000,1128000,1106000,1106000,762
20191113,1109000,1123000,1100000,1119000,554
20191112,1082000,1118000,1082000,1114000,745
20191111,1098000,1111000,1095000,1095000,327
20191108,1115000,1117000,1099000,1099000,295
20191107,1098000,1124000,1098000,1105000,406
20191106,1107000,1112000,1093000,1103000,564
20191105,1106000,1115000,1101000,1107000,351
20191104,1100000,1108000,1087000,1106000,420
20191101,1090000,1096000,1086000,1090000,603
20191031,1099000,1109000,1095000,1097000,947
20191030,1094000,1112000,1089000,1106000,638
20191029,1108000,1111000,1093000,1093000,366
20191028,1104000,1121000,1099000,1106000,340
20191025,1126000,1134000,1097000,1103000,704
20191024,1102000,1129000,1098000,1129000,607
20191023,1140000,1143000,1115000,1115000,585
20191022,1155000,1160000,1145000,1145000,449
20191021,1144000,1148000,1136000,1144000,231
20191018,1150000,1150000,1132000,1139000,568
20191017,1125000,1150000,1125000,1146000,401
20191016,1145000,1145000,1110000,1130000,709
20191015,1114000,1149000,1114000,1121000,941
20191014,1114000,1126000,1103000,1120000,350
20191011,1098000,1115000,1070000,1109000,1329
20191010,1119000,1134000,1088000,1088000,940
20191008,1123000,1136000,1112000,1119000,709
20191007,1113000,1123000,1110000,1118000,265
20191004,1117000,1132000,1113000,1113000,340
20191002,1149000,1149000,1115000,1116000,710
20191001,1119000,1160000,1119000,1149000,463
20190930,1139000,1140000,1130000,1130000,235
20190927,1176000,1176000,1134000,1139000,451
20190926,1153000,1165000,1153000,1157000,489
20190925,1179000,1179000,1153000,1153000,371
20190924,1188000,1188000,1164000,1167000,793
20190923,1152000,1186000,1148000,1177000,563
20190920,1136000,1155000,1135000,1152000,503
20190919,1122000,1149000,1122000,1136000,322
20190918,1142000,1152000,1134000,1135000,400
20190917,1158000,1158000,1131000,1136000,659
20190916,1119000,1166000,1119000,1166000,701
20190911,1120000,1130000,1106000,1116000,874
20190910,1073000,1121000,1073000,1107000,1124
20190909,1095000,1117000,1068000,1070000,952
20190906,1103000,1121000,1092000,1095000,646
20190905,1105000,1134000,1104000,1104000,665
20190904,1123000,1140000,1104000,1114000,748
20190903,1063000,1133000,1063000,1122000,1354
20190902,1074000,1087000,1065000,1066000,292
20190830,1066000,1094000,1065000,1073000,879
20190829,1040000,1070000,1040000,1066000,754
20190828,1017000,1058000,1005000,1051000,755
20190827,1017000,1039000,1009000,1009000,564
20190826,1035000,1035000,1006000,1015000,550
20190823,1047000,1048000,1029000,1035000,556
20190822,1064000,1070000,1036000,1043000,881
20190821,1030000,1055000,1025000,1053000,1290
20190820,1035000,1035000,1019000,1025000,702
20190819,986000,1023000,986000,1020000,1258
20190816,1021000,1025000,989000,989000,1737
20190814,1060000,1075000,1013000,1016000,1493
20190813,1044000,1070000,1043000,1050000,645
20190812,1073000,1088000,1046000,1046000,707
20190809,1115000,1115000,1084000,1094000,666
20190808,1068000,1100000,1059000,1097000,1439
20190807,1110000,1120000,1057000,1057000,2807
20190806,1120000,1155000,1111000,1121000,1757
20190805,1189000,1198000,1139000,1147000,1022
20190802,1213000,1228000,1188000,1188000,658
20190801,1238000,1238000,1215000,1230000,510
20190731,1270000,1270000,1241000,1241000,852
20190730,1253000,1283000,1250000,1254000,364
20190729,1287000,1289000,1244000,1289000,581
20190726,1287000,1314000,1261000,1273000,846
20190725,1300000,1301000,1288000,1297000,437
20190724,1301000,1312000,1300000,1300000,620
20190723,1325000,1332000,1308000,1309000,646
20190722,1339000,1339000,1314000,1325000,506
20190719,1310000,1335000,1309000,1331000,484
20190718,1308000,1325000,1307000,1313000,362
20190717,1321000,1327000,1308000,1323000,664
20190716,1319000,1334000,1306000,1308000,932
20190715,1345000,1345000,1316000,1319000,600
20190712,1339000,1346000,1321000,1339000,693
20190711,1352000,1375000,1338000,1338000,900
20190710,1404000,1404000,1349000,1350000,1042
20190709,1370000,1407000,1362000,1391000,915
20190708,1422000,1425000,1366000,1375000,790
20190705,1393000,1431000,1376000,1376000,1447
20190704,1343000,1385000,1343000,1380000,671
20190703,1348000,1377000,1336000,1360000,772
20190702,1321000,1342000,1294000,1342000,977
20190701,1331000,1335000,1306000,1306000,678
20190628,1367000,1367000,1320000,1320000,1603
20190627,1359000,1359000,1334000,1356000,685
20190626,1348000,1370000,1331000,1340000,751
20190625,1364000,1389000,1340000,1348000,993
20190624,1350000,1370000,1334000,1352000,947
20190621,1351000,1365000,1321000,1339000,1760
20190620,1335000,1359000,1322000,1351000,1571
20190619,1347000,1351000,1318000,1323000,762
20190618,1301000,1347000,1291000,1347000,2156
20190617,1294000,1326000,1292000,1301000,1258
20190614,1291000,1292000,1262000,1292000,3187
20190613,1311000,1337000,1285000,1285000,8985
20190612,1324000,1340000,1313000,1314000,1469
20190611,1331000,1340000,1320000,1325000,1272
20190610,1304000,1334000,1300000,1329000,943
20190607,1297000,1312000,1280000,1299000,996
20190605,1309000,1315000,1291000,1292000,1902
20190604,1315000,1315000,1298000,1310000,1216
20190603,1311000,1322000,1301000,1315000,1502
20190531,1340000,1350000,1322000,1322000,1983
20190530,1404000,1414000,1339000,1339000,1578
20190529,1473000,1473000,1401000,1404000,1059
20190528,1446000,1475000,1446000,1462000,741
20190527,1419000,1460000,1418000,1459000,516
20190524,1439000,1458000,1421000,1431000,629
20190523,1431000,1441000,1421000,1429000,396
20190522,1439000,1460000,1429000,1430000,429
20190521,1446000,1475000,1437000,1450000,608
20190520,1483000,1483000,1452000,1458000,408
20190517,1499000,1499000,1469000,1476000,523
20190516,1465000,1487000,1452000,1485000,915
20190515,1465000,1479000,1437000,1479000,1177
20190514,1486000,1486000,1458000,1472000,749
20190513,1455000,1498000,1455000,1468000,489
20190510,1466000,1499000,1461000,1481000,823
20190509,1501000,1515000,1466000,1466000,1331
20190508,1436000,1512000,1436000,1501000,886
20190507,1431000,1464000,1422000,1463000,770
20190503,1470000,1470000,1451000,1458000,588
20190502,1476000,1507000,1468000,1476000,838
20190430,1520000,1524000,1481000,1499000,833
20190429,1486000,1515000,1468000,1513000,603
20190426,1504000,1504000,1452000,1484000,714
20190425,1482000,1507000,1476000,1486000,785
20190424,1482000,1495000,1471000,1475000,687
20190423,1510000,1519000,1482000,1482000,536
20190422,1503000,1506000,1478000,1498000,468
20190419,1533000,1533000,1490000,1497000,484
20190418,1548000,1564000,1505000,1519000,927
20190417,1595000,1601000,1544000,1546000,1203
20190416,1615000,1619000,1604000,1604000,393
20190415,1643000,1657000,1621000,1632000,589
20190412,1633000,1660000,1627000,1648000,628
20190411,1650000,1669000,1631000,1633000,761
20190410,1670000,1698000,1650000,1651000,780
20190409,1646000,1700000,1646000,1670000,836
20190408,1677000,1677000,1636000,1655000,516
20190405,1689000,1689000,1647000,1658000,477
20190404,1608000,1669000,1588000,1664000,1057
20190403,1590000,1602000,1587000,1595000,761
20190402,1600000,1611000,1590000,1610000,603
20190401,1612000,1635000,1595000,1614000,583
20190329,1590000,1635000,1590000,1618000,1017
20190328,1602000,1628000,1596000,1599000,882
20190327,1668000,1677000,1622000,1630000,1090
20190326,1652000,1698000,1645000,1673000,709
20190325,1662000,1670000,1632000,1658000,564
20190322,1651000,1685000,1651000,1662000,861
20190321,1681000,1702000,1675000,1677000,866
20190320,1670000,1708000,1670000,1697000,585
20190319,1712000,1716000,1692000,1692000,765
20190318,1749000,1749000,1690000,1732000,1509
20190315,1582000,1749000,1581000,1749000,3694
20190314,1643000,1643000,1575000,1587000,1666
20190313,1528000,1619000,1528000,1614000,1610
20190312,1523000,1550000,1517000,1546000,1110
20190311,1494000,1531000,1492000,1523000,853
20190308,1491000,1527000,1489000,1512000,937
20190307,1503000,1525000,1484000,1512000,1063
20190306,1523000,1526000,1491000,1512000,937
20190305,1531000,1537000,1499000,1523000,1304
20190304,1481000,1558000,1481000,1545000,1116
20190228,1543000,1543000,1494000,1500000,1163
20190227,1504000,1524000,1488000,1513000,733
20190226,1531000,1531000,1492000,1504000,1112
20190225,1568000,1586000,1519000,1538000,1010
20190222,1490000,1556000,1489000,1545000,2408
20190221,1449000,1494000,1447000,1486000,1043
20190220,1453000,1472000,1442000,1460000,917
20190219,1479000,1480000,1453000,1457000,1138
20190218,1490000,1503000,1480000,1488000,846
20190215,1519000,1529000,1484000,1494000,939
20190214,1463000,1569000,1463000,1569000,1166
20190213,1455000,1491000,1455000,1487000,864
20190212,1450000,1477000,1448000,1454000,1140
20190211,1449000,1449000,1411000,1445000,1061
20190208,1410000,1414000,1383000,1407000,806
20190207,1402000,1408000,1354000,1400000,833
20190201,1351000,1399000,1351000,1381000,743
20190131,1394000,1395000,1358000,1359000,1072
20190130,1350000,1383000,1330000,1365000,1162
20190129,1321000,1346000,1321000,1333000,569
20190128,1308000,1340000,1308000,1333000,671
20190125,1304000,1332000,1300000,1320000,926
20190124,1316000,1333000,1302000,1312000,671
20190123,1322000,1342000,1308000,1329000,937
20190122,1303000,1327000,1303000,1314000,684
20190121,1309000,1316000,1298000,1303000,447
20190118,1321000,1321000,1298000,1307000,690
20190117,1298000,1317000,1293000,1306000,836
20190116,1297000,1314000,1293000,1293000,1044
20190115,1318000,1323000,1305000,1305000,709
20190114,1316000,1327000,1303000,1303000,608
20190111,1313000,1329000,1300000,1315000,838
20190110,1336000,1348000,1313000,1314000,804
20190109,1335000,1356000,1335000,1336000,819
20190108,1358000,1365000,1338000,1341000,485
20190107,1363000,1372000,1336000,1347000,596
20190104,1310000,1357000,1310000,1348000,751
20190103,1335000,1340000,1310000,1310000,555
20190102,1321000,1343000,1302000,1334000,719
20181228,1365000,1375000,1318000,1320000,1006
20181227,1340000,1388000,1324000,1371000,1040
20181226,1352000,1398000,1336000,1357000,1005
20181224,1390000,1400000,1372000,1382000,511
20181221,1432000,1432000,1380000,1389000,1008
20181220,1426000,1426000,1384000,1403000,623
20181219,1419000,1450000,1408000,1424000,768
20181218,1451000,1480000,1407000,1416000,1099
20181217,1491000,1501000,1427000,1464000,971
20181214,1409000,1460000,1405000,1460000,1109
20181213,1417000,1447000,1394000,1411000,2240
20181212,1407000,1445000,1388000,1421000,1305
20181211,1328000,1392000,1328000,1391000,785
20181210,1360000,1395000,1322000,1342000,872
20181207,1372000,1398000,1355000,1384000,689
20181206,1380000,1380000,1352000,1364000,685
20181205,1373000,1384000,1362000,1365000,491
20181204,1379000,1397000,1366000,1369000,638
20181203,1361000,1392000,1360000,1379000,843
20181130,1370000,1379000,1360000,1360000,891
20181129,1392000,1392000,1364000,1370000,515
20181128,1395000,1395000,1359000,1391000,516
20181127,1375000,1383000,1360000,1368000,620
20181126,1383000,1396000,1359000,1379000,696
20181123,1393000,1396000,1371000,1383000,404
20181122,1376000,1390000,1362000,1368000,499
20181121,1360000,1395000,1337000,1395000,900
20181120,1375000,1375000,1342000,1349000,585
20181119,1341000,1375000,1341000,1375000,522
20181116,1338000,1352000,1312000,1340000,675
20181115,1302000,1327000,1292000,1327000,679
20181114,1309000,1322000,1283000,1310000,646
20181113,1334000,1334000,1284000,1301000,1127
20181112,1360000,1369000,1321000,1330000,630
20181109,1341000,1380000,1340000,1359000,1109
20181108,1364000,1387000,1351000,1351000,1529
20181107,1393000,1393000,1360000,1363000,1237
20181106,1390000,1418000,1360000,1380000,968
20181105,1406000,1421000,1377000,1388000,914
20181102,1411000,1444000,1398000,1408000,1095
20181101,1450000,1475000,1411000,1411000,1011
20181031,1424000,1476000,1401000,1476000,1520
20181030,1526000,1531000,1428000,1432000,1169
20181029,1503000,1543000,1475000,1491000,927
20181026,1487000,1508000,1469000,1508000,891
20181025,1503000,1510000,1451000,1504000,794
20181024,1498000,1503000,1466000,1503000,1130
20181023,1490000,1505000,1451000,1473000,865
20181022,1509000,1538000,1500000,1510000,630
20181019,1505000,1537000,1484000,1523000,806
20181018,1516000,1544000,1510000,1510000,653
20181017,1510000,1541000,1500000,1533000,967
20181016,1531000,1548000,1492000,1500000,824
20181015,1517000,1559000,1515000,1530000,807
20181012,1619000,1624000,1525000,1535000,1576
20181011,1672000,1688000,1587000,1587000,1545
20181010,1662000,1684000,1640000,1672000,738
20181008,1651000,1685000,1622000,1660000,704
20181005,1677000,1677000,1609000,1644000,688
20181004,1699000,1699000,1616000,1646000,1083
20181002,1669000,1692000,1642000,1643000,613
20181001,1650000,1709000,1650000,1699000,1007
20180928,1634000,1667000,1629000,1667000,1358
20180927,1614000,1646000,1610000,1618000,1189
20180921,1645000,1645000,1603000,1642000,1103
20180920,1598000,1630000,1588000,1620000,948
20180919,1600000,1625000,1585000,1616000,729
20180918,1585000,1613000,1581000,1612000,862
20180917,1633000,1634000,1585000,1585000,902
20180914,1642000,1670000,1612000,1645000,568
20180913,1665000,1677000,1634000,1650000,1379
20180912,1605000,1657000,1583000,1656000,1645
20180911,1556000,1596000,1556000,1591000,925
20180910,1541000,1582000,1541000,1572000,740
20180907,1569000,1590000,1539000,1561000,897
20180906,1588000,1610000,1555000,1559000,714
20180905,1597000,1615000,1591000,1604000,760
20180904,1578000,1609000,1571000,1602000,651
20180903,1600000,1618000,1582000,1596000,572
20180831,1580000,1610000,1574000,1610000,1275
20180830,1621000,1621000,1557000,1574000,1223
20180829,1625000,1647000,1617000,1629000,839
20180828,1593000,1630000,1560000,1614000,882
20180827,1531000,1600000,1515000,1573000,1172
20180824,1510000,1548000,1510000,1525000,534
20180823,1537000,1550000,1509000,1521000,845
20180822,1533000,1558000,1513000,1522000,655
20180821,1566000,1595000,1536000,1543000,603
20180820,1526000,1579000,1526000,1575000,548
20180817,1575000,1594000,1541000,1543000,1017
20180816,1609000,1618000,1554000,1596000,1133
20180814,1610000,1610000,1584000,1608000,701
20180813,1593000,1635000,1577000,1590000,593
20180810,1605000,1629000,1568000,1603000,659
20180809,1574000,1614000,1566000,1576000,1258
20180808,1554000,1578000,1536000,1551000,1063
20180807,1573000,1598000,1534000,1557000,1376
20180806,1559000,1630000,1545000,1591000,1811
20180803,1480000,1560000,1479000,1559000,1684
20180802,1494000,1535000,1453000,1505000,1509
20180801,1442000,1514000,1442000,1503000,1050
20180731,1444000,1475000,1415000,1464000,716
20180730,1442000,1448000,1416000,1421000,754
20180727,1520000,1520000,1457000,1466000,641
20180726,1555000,1557000,1488000,1493000,1057
20180725,1524000,1527000,1493000,1520000,595
20180724,1519000,1519000,1487000,1511000,667
20180723,1518000,1518000,1481000,1495000,849
20180720,1469000,1504000,1467000,1486000,798
20180719,1458000,1516000,1458000,1467000,914
20180718,1491000,1505000,1461000,1471000,1071
20180717,1507000,1552000,1475000,1490000,688
20180716,1463000,1539000,1463000,1530000,1126
20180713,1455000,1529000,1424000,1493000,1623
20180712,1490000,1490000,1420000,1445000,1142
20180711,1479000,1499000,1425000,1447000,894
20180710,1509000,1513000,1479000,1482000,945
20180709,1430000,1535000,1420000,1524000,2430
20180706,1371000,1443000,1371000,1440000,938
20180705,1408000,1419000,1379000,1381000,530
20180704,1371000,1399000,1350000,1381000,605
20180703,1417000,1438000,1365000,1371000,1115
20180702,1367000,1432000,1362000,1417000,1062
20180629,1404000,1426000,1373000,1389000,695
20180628,1424000,1424000,1397000,1403000,433
20180627,1380000,1409000,1372000,1401000,768
20180626,1420000,1420000,1386000,1397000,880
20180625,1349000,1406000,1349000,1406000,935
20180622,1311000,1378000,1311000,1374000,2091
20180621,1342000,1365000,1327000,1338000,1056
20180620,1359000,1399000,1312000,1367000,1584
20180619,1338000,1368000,1311000,1351000,1922
20180618,1358000,1378000,1306000,1321000,1967
20180615,1362000,1408000,1348000,1376000,1231
20180614,1396000,1420000,1354000,1380000,1750
20180612,1410000,1429000,1375000,1402000,1225
20180611,1331000,1436000,1328000,1411000,2282
20180608,1357000,1366000,1317000,1326000,757
20180607,1306000,1369000,1306000,1357000,802
20180605,1286000,1358000,1286000,1326000,1303
20180604,1281000,1307000,1281000,1303000,633
20180601,1243000,1290000,1233000,1276000,1003
20180531,1205000,1242000,1203000,1242000,1261
20180530,1233000,1255000,1206000,1211000,1535
20180529,1258000,1268000,1250000,1250000,721
20180528,1275000,1278000,1255000,1258000,687
20180525,1286000,1287000,1261000,1262000,682
20180524,1275000,1298000,1256000,1267000,1050
20180523,1251000,1291000,1246000,1274000,1529
20180521,1289000,1297000,1260000,1264000,888
20180518,1315000,1317000,1276000,1287000,1455
20180517,1335000,1347000,1308000,1320000,961
20180516,1385000,1387000,1318000,1335000,1332
20180515,1373000,1413000,1369000,1383000,760
20180514,1421000,1443000,1375000,1378000,779
20180511,1449000,1465000,1386000,1417000,1118
20180510,1337000,1411000,1337000,1411000,1687
20180509,1370000,1380000,1332000,1352000,1295
20180508,1293000,1352000,1293000,1350000,1345
20180504,1286000,1318000,1283000,1289000,1032
20180503,1337000,1337000,1292000,1300000,411
20180502,1300000,1326000,1286000,1323000,582
20180430,1301000,1328000,1286000,1298000,617
20180427,1289000,1329000,1289000,1303000,834
20180426,1266000,1323000,1266000,1307000,813
20180425,1283000,1283000,1252000,1270000,1049
20180424,1263000,1296000,1257000,1264000,1112
20180423,1280000,1309000,1257000,1263000,682
20180420,1275000,1293000,1246000,1277000,959
20180419,1242000,1313000,1242000,1276000,1272
20180418,1240000,1274000,1235000,1244000,851
20180417,1233000,1244000,1224000,1240000,396
20180416,1238000,1248000,1233000,1234000,300
20180413,1244000,1257000,1225000,1228000,823
20180412,1243000,1271000,1243000,1243000,620
20180411,1240000,1275000,1231000,1245000,933
20180410,1270000,1299000,1245000,1265000,899
20180409,1297000,1308000,1279000,1286000,533
20180406,1288000,1310000,1254000,1310000,588
20180405,1307000,1330000,1282000,1291000,538
20180404,1330000,1366000,1307000,1313000,963
20180403,1331000,1369000,1301000,1357000,834
20180402,1250000,1344000,1250000,1333000,1673
20180330,1275000,1278000,1247000,1257000,666
20180329,1240000,1270000,1229000,1260000,1066
20180328,1180000,1273000,1172000,1255000,1821
20180327,1195000,1221000,1191000,1202000,1109
20180326,1167000,1217000,1150000,1210000,866
20180323,1187000,1205000,1170000,1170000,1016
20180322,1185000,1224000,1185000,1201000,642
20180321,1201000,1212000,1188000,1194000,704
20180320,1214000,1223000,1207000,1208000,706
20180319,1215000,1220000,1202000,1214000,617
20180316,1227000,1228000,1206000,1207000,802
20180315,1219000,1223000,1189000,1215000,1099
20180314,1228000,1244000,1211000,1217000,981
20180313,1246000,1261000,1228000,1228000,1068
20180312,1289000,1295000,1242000,1262000,1033
20180309,1241000,1298000,1238000,1286000,1595
20180308,1210000,1254000,1201000,1254000,1579
20180307,1236000,1249000,1212000,1212000,1158
20180306,1245000,1270000,1227000,1253000,863
20180305,1278000,1284000,1240000,1243000,817
20180302,1279000,1301000,1260000,1280000,1472
20180228,1287000,1318000,1280000,1318000,971
20180227,1303000,1327000,1299000,1302000,514
20180226,1313000,1325000,1287000,1320000,752
20180223,1280000,1303000,1273000,1303000,610
20180222,1251000,1288000,1242000,1278000,788
20180221,1264000,1274000,1246000,1258000,1058
20180220,1302000,1307000,1259000,1264000,1187
20180219,1324000,1335000,1311000,1314000,564
20180214,1302000,1313000,1285000,1308000,843
20180213,1332000,1349000,1298000,1298000,958
20180212,1399000,1399000,1306000,1358000,1075
20180209,1290000,1414000,1289000,1400000,1654
20180208,1312000,1370000,1312000,1325000,1078
20180207,1368000,1370000,1321000,1329000,1236
20180206,1375000,1383000,1309000,1368000,1247
20180205,1407000,1407000,1337000,1345000,703
20180202,1380000,1421000,1363000,1377000,729
20180201,1392000,1419000,1372000,1383000,934
20180131,1409000,1424000,1328000,1379000,1386
20180130,1447000,1469000,1383000,1405000,1091
20180129,1442000,1491000,1408000,1408000,942
20180126,1427000,1487000,1427000,1429000,1140
20180125,1374000,1478000,1373000,1445000,1491
20180124,1334000,1418000,1334000,1401000,1122
20180123,1300000,1348000,1298000,1335000,738
20180122,1298000,1316000,1284000,1312000,814
20180119,1277000,1314000,1260000,1297000,812
20180118,1318000,1336000,1273000,1275000,707
20180117,1312000,1351000,1310000,1318000,707
20180116,1326000,1343000,1311000,1321000,738
20180115,1308000,1348000,1303000,1326000,840
20180112,1296000,1337000,1296000,1303000,896
20180111,1317000,1319000,1291000,1310000,884
20180110,1275000,1320000,1274000,1303000,1120
20180109,1266000,1283000,1256000,1277000,689
20180108,1276000,1288000,1255000,1272000,722
20180105,1271000,1283000,1250000,1250000,540
20180104,1353000,1353000,1254000,1254000,1195
20180103,1328000,1359000,1309000,1327000,672
20180102,1317000,1362000,1302000,1351000,484
20171228,1280000,1328000,1279000,1317000,583
20171227,1292000,1310000,1255000,1280000,755
20171226,1285000,1337000,1269000,1328000,1241
20171222,1232000,1280000,1226000,1269000,799
20171221,1237000,1262000,1219000,1226000,968
20171220,1223000,1280000,1223000,1263000,1178
20171219,1243000,1267000,1224000,1224000,1288
20171218,1200000,1246000,1200000,1243000,593
20171215,1177000,1221000,1177000,1219000,1166
20171214,1217000,1218000,1162000,1162000,1919
20171213,1165000,1202000,1165000,1193000,832
20171212,1190000,1196000,1161000,1165000,918
20171211,1167000,1227000,1167000,1210000,1131
20171208,1189000,1218000,1173000,1179000,729
20171207,1216000,1221000,1173000,1199000,877
20171206,1194000,1214000,1184000,1211000,962
20171205,1205000,1228000,1187000,1195000,1168
20171204,1214000,1235000,1204000,1204000,1336
20171201,1267000,1267000,1208000,1214000,1271
20171130,1245000,1284000,1216000,1269000,1911
20171129,1229000,1236000,1211000,1235000,1364
20171128,1222000,1240000,1215000,1229000,752
20171127,1208000,1242000,1206000,1222000,697
20171124,1235000,1235000,1210000,1220000,334
20171123,1224000,1235000,1210000,1217000,470
20171122,1220000,1238000,1210000,1223000,562
20171121,1215000,1234000,1200000,1220000,465
20171120,1207000,1239000,1202000,1203000,609
20171117,1231000,1255000,1222000,1224000,965
20171116,1279000,1285000,1245000,1245000,594
20171115,1255000,1278000,1243000,1276000,1062
20171114,1230000,1268000,1227000,1268000,547
20171113,1222000,1255000,1208000,1252000,520
20171110,1225000,1254000,1220000,1240000,478
20171109,1223000,1240000,1198000,1240000,998
20171108,1172000,1213000,1170000,1201000,665
20171107,1188000,1214000,1188000,1195000,476
20171106,1201000,1207000,1175000,1194000,922
20171103,1169000,1242000,1169000,1225000,1202
20171102,1148000,1169000,1148000,1166000,642
20171101,1131000,1163000,1130000,1160000,689
20171031,1138000,1155000,1130000,1141000,872
20171030,1170000,1170000,1130000,1138000,984
20171027,1149000,1185000,1146000,1182000,824
20171026,1156000,1164000,1145000,1160000,601
20171025,1133000,1167000,1132000,1166000,712
20171024,1132000,1149000,1127000,1144000,487
20171023,1142000,1155000,1128000,1142000,867
20171020,1148000,1175000,1148000,1162000,503
20171019,1115000,1174000,1105000,1164000,979
20171018,1108000,1129000,1107000,1118000,312
20171017,1101000,1129000,1092000,1111000,647
20171016,1102000,1129000,1093000,1113000,442
20171013,1074000,1120000,1074000,1120000,749
20171012,1073000,1085000,1072000,1083000,1081
20171011,1090000,1103000,1070000,1072000,1232
20171010,1104000,1122000,1095000,1095000,1377
20170929,1085000,1121000,1066000,1121000,1025
20170928,1087000,1089000,1060000,1077000,1160
20170927,1098000,1130000,1098000,1102000,487
20170926,1136000,1136000,1099000,1117000,617
20170925,1134000,1134000,1106000,1106000,469
20170922,1163000,1166000,1113000,1120000,854
20170921,1187000,1195000,1168000,1168000,639
20170920,1206000,1207000,1187000,1196000,587
20170919,1208000,1218000,1195000,1196000,614
20170918,1243000,1244000,1213000,1213000,544
20170915,1261000,1268000,1236000,1249000,714
20170914,1220000,1270000,1219000,1262000,1138
20170913,1234000,1244000,1210000,1233000,486
20170912,1207000,1230000,1186000,1229000,482
20170911,1204000,1246000,1195000,1203000,677
20170908,1206000,1217000,1202000,1212000,307
20170907,1210000,1220000,1191000,1217000,642
20170906,1213000,1213000,1186000,1194000,438
20170905,1220000,1223000,1188000,1194000,637
20170904,1177000,1217000,1177000,1213000,739
20170901,1205000,1226000,1198000,1200000,632
20170831,1200000,1219000,1198000,1217000,639
20170830,1202000,1211000,1192000,1210000,477
20170829,1195000,1210000,1171000,1202000,634
20170828,1203000,1207000,1189000,1195000,515
20170825,1187000,1227000,1187000,1203000,1081
20170824,1185000,1210000,1185000,1186000,908
20170823,1204000,1222000,1184000,1184000,640
20170822,1199000,1227000,1199000,1204000,426
20170821,1202000,1203000,1181000,1199000,427
20170818,1212000,1248000,1193000,1201000,638
20170817,1220000,1225000,1202000,1212000,747
20170816,1201000,1245000,1201000,1234000,863
20170814,1224000,1245000,1211000,1212000,376
20170811,1251000,1254000,1213000,1223000,713
20170810,1220000,1253000,1206000,1251000,1006
20170809,1208000,1247000,1207000,1228000,843
20170808,1238000,1246000,1209000,1209000,642
20170807,1257000,1263000,1245000,1247000,414
20170804,1272000,1288000,1252000,1257000,748
20170803,1246000,1288000,1245000,1288000,842
20170802,1260000,1276000,1226000,1266000,845
20170801,1221000,1266000,1221000,1261000,934
20170731,1244000,1266000,1213000,1235000,1270
20170728,1243000,1271000,1228000,1228000,878
20170727,1223000,1278000,1223000,1243000,1249
20170726,1245000,1245000,1203000,1223000,795
20170725,1249000,1249000,1223000,1227000,713
20170724,1227000,1228000,1206000,1227000,530
20170721,1219000,1252000,1205000,1209000,903
20170720,1239000,1253000,1220000,1238000,964
20170719,1181000,1244000,1177000,1238000,1221
20170718,1130000,1187000,1105000,1181000,981
20170717,1102000,1131000,1101000,1104000,911
20170714,1098000,1120000,1089000,1102000,897
20170713,1045000,1149000,1045000,1099000,2175
20170712,1067000,1089000,1043000,1045000,898
20170711,1070000,1094000,1046000,1075000,922
20170710,1070000,1094000,1067000,1075000,384
20170707,1056000,1093000,1056000,1087000,417
20170706,1075000,1081000,1062000,1065000,952
20170705,1088000,1114000,1083000,1083000,721
20170704,1100000,1108000,1085000,1106000,548
20170703,1068000,1110000,1068000,1104000,712
20170630,1066000,1088000,1066000,1077000,523
20170629,1077000,1091000,1057000,1077000,1132
20170628,1071000,1086000,1057000,1077000,1010
20170627,1074000,1097000,1071000,1071000,939
20170626,1096000,1114000,1080000,1080000,409
20170623,1129000,1129000,1101000,1102000,547
20170622,1086000,1127000,1074000,1124000,858
20170621,1090000,1116000,1090000,1099000,820
20170620,1102000,1117000,1085000,1095000,861
20170619,1120000,1121000,1109000,1113000,519
20170616,1110000,1148000,1110000,1130000,637
20170615,1109000,1144000,1106000,1108000,604
20170614,1124000,1140000,1119000,1124000,768
20170613,1092000,1151000,1092000,1143000,1019
20170612,1148000,1160000,1105000,1110000,1118
20170609,1181000,1194000,1136000,1145000,2293
20170608,1135000,1194000,1115000,1194000,3325
20170607,1111000,1137000,1101000,1123000,877
20170605,1111000,1131000,1098000,1124000,1139
20170602,1104000,1118000,1096000,1116000,1111
20170601,1091000,1117000,1083000,1115000,891
20170531,1094000,1110000,1074000,1100000,1730
20170530,1106000,1107000,1077000,1094000,765
20170529,1061000,1107000,1061000,1099000,1343
20170526,1062000,1088000,1053000,1076000,1391
20170525,1019000,1078000,1019000,1076000,2063
20170524,987000,1034000,987000,1021000,1171
20170523,992000,1014000,992000,998000,809
20170522,987000,1005000,986000,999000,1220
20170519,985000,997000,975000,986000,1079
20170518,985000,985000,957000,975000,1028
20170517,966000,984000,956000,969000,1029
20170516,926000,1000000,925000,986000,3523
20170515,926000,926000,907000,911000,686
20170512,942000,942000,914000,914000,1290
20170511,908000,944000,904000,944000,1583
20170510,916000,945000,900000,904000,1810
20170508,883000,914000,883000,913000,1299
20170504,880000,888000,879000,885000,875
20170502,886000,893000,882000,883000,970
20170428,883000,896000,883000,891000,1334
20170427,897000,899000,885000,891000,870
20170426,890000,899000,883000,895000,1110
20170425,889000,896000,884000,887000,1292
20170424,889000,911000,888000,894000,788
20170421,894000,907000,885000,903000,1201
20170420,888000,896000,878000,894000,1143
20170419,883000,890000,879000,888000,1021
20170418,888000,893000,879000,890000,2478
20170417,891000,905000,888000,890000,508
20170414,902000,905000,887000,901000,836
20170413,886000,910000,882000,910000,1118
20170412,884000,892000,884000,887000,831
20170411,882000,890000,881000,889000,1218
20170410,889000,892000,883000,888000,457
20170407,887000,897000,887000,895000,453
20170406,896000,896000,887000,889000,834
20170405,898000,902000,893000,896000,804
20170404,898000,909000,894000,901000,529
20170403,907000,911000,898000,900000,648
20170331,894000,913000,893000,910000,676
20170330,894000,901000,892000,900000,811
20170329,901000,904000,890000,901000,914
20170328,900000,910000,900000,901000,923
20170327,907000,912000,888000,909000,568
20170324,896000,911000,896000,907000,708
20170323,891000,909000,888000,901000,944
20170322,902000,907000,887000,896000,1175
20170321,897000,908000,894000,901000,834
20170320,886000,896000,881000,893000,564
20170317,905000,907000,889000,890000,1016
20170316,883000,915000,883000,888000,837
20170315,902000,902000,884000,885000,699
20170314,921000,921000,900000,902000,665
20170313,908000,921000,908000,919000,412
20170310,902000,918000,902000,911000,616
20170309,912000,919000,889000,919000,1342
20170308,901000,914000,897000,912000,866
20170307,918000,918000,900000,904000,1110
20170306,933000,940000,907000,909000,1004
20170303,941000,950000,936000,943000,625
20170302,959000,971000,941000,944000,1602
20170228,978000,978000,957000,962000,1026
20170227,972000,986000,959000,973000,710
20170224,974000,982000,969000,978000,824
20170223,994000,994000,970000,983000,769
20170222,983000,986000,976000,976000,599
20170221,979000,996000,979000,991000,593
20170220,993000,993000,971000,987000,934
20170217,990000,1003000,982000,1003000,458
20170216,1005000,1010000,988000,990000,823
20170215,1013000,1031000,1008000,1011000,810
20170214,1023000,1030000,1012000,1027000,684
20170213,1027000,1041000,1011000,1024000,606
20170210,1014000,1035000,1006000,1029000,663
20170209,978000,1010000,969000,1010000,618
20170208,978000,1008000,971000,987000,728
20170207,1010000,1011000,980000,988000,357
20170206,1016000,1016000,990000,996000,364
20170203,990000,997000,976000,997000,688
20170202,994000,1012000,994000,1007000,305
20170201,997000,1010000,979000,1009000,545
20170131,989000,993000,953000,993000,493
20170126,999000,999000,982000,984000,327
20170125,1010000,1010000,982000,999000,484
20170124,998000,999000,982000,999000,379
20170123,993000,997000,986000,993000,465
20170120,974000,987000,955000,985000,529
20170119,982000,1002000,980000,981000,455
20170118,995000,1003000,973000,987000,740
20170117,1013000,1013000,985000,994000,488
20170116,993000,1009000,977000,991000,653
20170113,997000,997000,968000,993000,1084
20170112,944000,993000,944000,993000,731
20170111,933000,960000,932000,944000,584
20170110,952000,960000,941000,943000,419
20170109,955000,969000,937000,963000,445
20170106,970000,978000,961000,961000,217
20170105,957000,981000,957000,979000,405
20170104,931000,963000,928000,960000,429
20170103,941000,956000,937000,937000,312
20170102,960000,961000,947000,952000,154
20161229,959000,964000,947000,947000,401
20161228,969000,971000,950000,950000,460
20161227,970000,984000,966000,978000,326
20161226,977000,982000,963000,982000,394
20161223,973000,978000,964000,978000,363
20161222,962000,974000,960000,973000,584
20161221,953000,975000,953000,968000,295
20161220,965000,983000,958000,958000,481
20161219,977000,979000,961000,966000,586
20161216,1001000,1010000,964000,977000,1597
20161215,1008000,1008000,975000,998000,652
20161214,1015000,1048000,998000,999000,850
20161213,1044000,1054000,1012000,1028000,905
20161212,1009000,1051000,993000,1049000,1532
20161209,1008000,1020000,992000,1009000,1585
20161208,973000,1008000,968000,1008000,1458
20161207,920000,980000,920000,978000,1400
20161206,907000,937000,907000,929000,790
20161205,920000,920000,899000,904000,143
20161202,911000,920000,890000,911000,728
20161201,882000,906000,881000,903000,374
20161130,885000,910000,881000,886000,1024
20161129,877000,909000,876000,900000,488
20161128,864000,883000,864000,870000,288
20161125,889000,890000,865000,872000,662
20161124,894000,915000,876000,881000,926
20161123,897000,902000,889000,893000,1047
20161122,915000,927000,889000,906000,902
20161121,942000,943000,902000,909000,951
20161118,923000,945000,918000,931000,1623
20161117,936000,943000,926000,936000,941
20161116,931000,945000,931000,936000,803
20161115,942000,945000,922000,943000,911
20161114,889000,938000,889000,937000,1060
20161111,900000,908000,882000,908000,631
20161110,866000,895000,864000,895000,996
20161109,896000,896000,835000,852000,961
20161108,861000,885000,858000,878000,571
20161107,863000,880000,861000,861000,810
20161104,848000,855000,834000,855000,333
20161103,821000,841000,812000,841000,373
20161102,832000,845000,821000,821000,444
20161101,838000,847000,824000,843000,804
20161031,821000,839000,820000,839000,619
20161028,821000,836000,817000,830000,667
20161027,838000,838000,819000,836000,629
20161026,841000,841000,826000,831000,364
20161025,844000,847000,830000,841000,790
20161024,842000,848000,838000,845000,560
20161021,843000,843000,833000,834000,316
20161020,832000,844000,827000,835000,276
20161019,843000,847000,829000,832000,713
20161018,839000,854000,839000,844000,600
20161017,840000,857000,840000,847000,583
20161014,850000,856000,842000,847000,464
20161013,851000,863000,843000,847000,997
20161012,864000,866000,845000,861000,877
20161011,860000,866000,854000,858000,655
20161010,856000,863000,840000,854000,718
20161007,847000,854000,840000,851000,581
20161006,827000,846000,827000,845000,456
20161005,839000,840000,818000,833000,1327
20161004,834000,847000,834000,838000,826
20160930,861000,861000,838000,838000,717
20160929,863000,863000,852000,857000,405
20160928,862000,863000,848000,857000,462
20160927,845000,862000,834000,859000,715
20160926,854000,858000,842000,849000,685
20160923,831000,859000,830000,848000,931
20160922,820000,831000,817000,822000,952
20160921,815000,822000,813000,816000,592
20160920,814000,823000,810000,821000,780
20160919,814000,826000,809000,818000,907
20160913,827000,834000,813000,813000,1434
20160912,824000,840000,816000,834000,2010
20160909,817000,828000,812000,823000,1367
20160908,828000,830000,817000,817000,849
20160907,818000,832000,817000,822000,1028
20160906,821000,823000,817000,819000,963
20160905,820000,834000,820000,824000,2371
20160902,826000,830000,816000,822000,1258
20160901,828000,842000,823000,833000,1178
20160831,831000,839000,819000,832000,3440
20160830,852000,852000,835000,835000,658
20160829,840000,846000,840000,840000,557
20160826,855000,855000,843000,843000,730
20160825,856000,863000,848000,850000,549
20160824,850000,867000,847000,864000,976
20160823,848000,859000,843000,854000,964
20160822,864000,864000,844000,848000,838
20160819,877000,880000,865000,871000,979
20160818,910000,912000,879000,879000,1551
20160817,916000,921000,905000,920000,561
20160816,923000,938000,923000,928000,413
20160812,915000,940000,914000,940000,668
20160811,905000,927000,905000,927000,378
20160810,901000,923000,901000,915000,551
20160809,903000,915000,884000,902000,561
20160808,902000,919000,900000,903000,489
20160805,896000,917000,896000,902000,332
20160804,906000,918000,900000,903000,407
20160803,889000,928000,889000,906000,1267
20160802,900000,909000,896000,903000,289
20160801,886000,908000,886000,906000,418
20160729,888000,901000,879000,896000,784
20160728,892000,911000,892000,896000,521
20160727,896000,904000,883000,904000,1188
20160726,862000,894000,858000,890000,1071
20160725,852000,873000,851000,870000,902
20160722,865000,866000,849000,855000,540
20160721,840000,868000,838000,865000,774
20160720,852000,855000,838000,841000,963
20160719,861000,869000,852000,854000,705
20160718,864000,873000,862000,863000,420
20160715,872000,875000,862000,865000,814
20160714,880000,880000,865000,865000,476
20160713,875000,889000,872000,872000,776
20160712,882000,892000,877000,879000,552
20160711,891000,891000,873000,889000,506
20160708,882000,895000,875000,878000,506
20160707,884000,896000,884000,889000,280
20160706,893000,896000,875000,889000,432
20160705,882000,895000,882000,894000,270
20160704,880000,891000,880000,887000,266
20160701,868000,887000,868000,884000,1005
20160630,884000,889000,866000,868000,1221
20160629,878000,897000,877000,882000,586
20160628,875000,893000,870000,881000,728
20160627,894000,895000,874000,893000,481
20160624,894000,904000,866000,886000,1497
20160623,890000,906000,890000,895000,160
20160622,891000,903000,889000,893000,432
20160621,893000,900000,888000,891000,434
20160620,916000,916000,898000,900000,246
20160617,901000,910000,891000,897000,582
20160616,899000,909000,890000,891000,506
20160615,900000,908000,890000,904000,1124
20160614,923000,927000,905000,911000,1513
20160613,934000,939000,925000,936000,385
20160610,925000,937000,921000,935000,887
20160609,943000,945000,919000,919000,2023
20160608,945000,946000,934000,935000,635
20160607,934000,948000,927000,945000,933
20160603,930000,937000,926000,932000,356
20160602,923000,936000,923000,929000,300
20160601,924000,931000,921000,930000,540
20160531,927000,936000,924000,925000,722
20160530,940000,940000,926000,932000,396
20160527,942000,942000,934000,940000,451
20160526,939000,940000,932000,933000,282
20160525,935000,936000,924000,936000,462
20160524,928000,932000,921000,926000,386
20160523,940000,940000,927000,928000,385
20160520,925000,945000,921000,940000,606
20160519,921000,934000,920000,931000,603
20160518,931000,934000,924000,925000,493
20160517,938000,947000,931000,932000,620
20160516,935000,947000,935000,942000,391
20160513,951000,952000,941000,948000,687
20160512,950000,960000,939000,960000,376
20160511,947000,955000,941000,953000,345
20160510,955000,961000,946000,953000,219
20160509,949000,967000,947000,954000,293
20160504,965000,976000,948000,948000,741
20160503,975000,978000,963000,966000,734
20160502,988000,990000,975000,976000,524
20160429,1002000,1002000,986000,993000,535
20160428,982000,1004000,982000,1002000,720
20160427,986000,992000,980000,987000,284
20160426,987000,994000,981000,986000,393
20160425,985000,997000,980000,990000,513
20160422,975000,995000,975000,995000,952
20160421,982000,990000,974000,982000,703
20160420,984000,989000,975000,982000,762
20160419,967000,985000,966000,980000,585
20160418,986000,986000,962000,972000,841
20160415,957000,997000,957000,987000,1014
20160414,937000,965000,937000,965000,1042
20160412,936000,946000,934000,940000,927
20160411,933000,950000,929000,945000,824
20160408,935000,943000,926000,940000,990
20160407,933000,944000,926000,943000,923
20160406,935000,945000,924000,940000,892
20160405,932000,941000,922000,938000,885
20160404,925000,934000,925000,930000,545
20160401,937000,937000,921000,929000,866
20160331,933000,939000,923000,930000,1040
20160330,932000,936000,920000,927000,1367
20160329,918000,932000,918000,926000,1279
20160328,947000,948000,919000,922000,2027
20160325,953000,956000,941000,946000,706
20160324,960000,960000,950000,954000,803
20160323,969000,976000,960000,966000,608
20160322,987000,987000,968000,970000,726
20160321,997000,997000,979000,980000,905
20160318,987000,1003000,980000,998000,788
20160317,990000,1000000,982000,996000,638
20160316,987000,991000,979000,989000,538
20160315,1000000,1006000,985000,987000,748
20160314,1010000,1026000,999000,1000000,455
20160311,1015000,1020000,1011000,1011000,533
20160310,1020000,1041000,1015000,1015000,1219
20160309,1016000,1028000,1013000,1020000,588
20160308,1013000,1033000,1001000,1016000,969
20160307,1016000,1036000,1016000,1024000,688
20160304,1050000,1051000,1005000,1019000,1256
20160303,1041000,1048000,1034000,1039000,185
20160302,1015000,1047000,1015000,1037000,346
20160229,1005000,1047000,1005000,1015000,534
20160226,1023000,1024000,998000,1018000,999
20160225,990000,1028000,985000,1025000,515
20160224,1001000,1001000,975000,992000,336
20160223,999000,1001000,985000,997000,379
20160222,995000,999000,987000,997000,190
20160219,968000,998000,963000,995000,473
20160218,993000,997000,963000,968000,1165
20160217,982000,997000,963000,980000,558
20160216,983000,987000,968000,982000,292
20160215,978000,978000,957000,970000,424
20160212,961000,985000,952000,961000,657
20160211,959000,991000,959000,970000,629
20160205,987000,999000,983000,995000,383
20160204,998000,998000,975000,987000,528
20160203,1008000,1008000,981000,986000,664
20160202,981000,1012000,981000,1009000,223
20160201,1003000,1003000,982000,997000,456
20160129,972000,998000,971000,994000,344
20160128,987000,998000,970000,975000,1002
20160127,988000,1001000,977000,988000,539
20160126,990000,990000,967000,983000,288
20160125,977000,995000,977000,989000,399
20160122,964000,989000,947000,989000,890
20160121,957000,957000,933000,951000,499
20160120,960000,963000,920000,949000,1170
20160119,977000,979000,947000,961000,783
20160118,980000,988000,964000,983000,439
20160115,1005000,1013000,960000,980000,1414
20160114,1031000,1035000,991000,1004000,2550
20160113,1019000,1057000,1019000,1052000,476
20160112,1038000,1038000,1012000,1029000,508
20160111,1028000,1034000,1010000,1029000,1179
20160108,1058000,1058000,1023000,1027000,1653
20160107,1072000,1072000,1023000,1048000,1833
20160106,1062000,1074000,1055000,1067000,573
20160105,1065000,1071000,1047000,1062000,784
20160104,1078000,1088000,1062000,1063000,661
20151230,1075000,1092000,1075000,1090000,1390
20151229,1090000,1090000,1073000,1079000,248
20151228,1073000,1091000,1066000,1090000,651
20151224,1066000,1098000,1066000,1072000,1162
20151223,1058000,1080000,1058000,1075000,522
20151222,1069000,1080000,1056000,1059000,1302
20151221,1070000,1078000,1065000,1075000,326
20151218,1058000,1072000,1051000,1069000,453
20151217,1073000,1073000,1058000,1062000,1429
20151216,1060000,1076000,1058000,1061000,2744
20151215,1073000,1081000,1057000,1061000,2380
20151214,1073000,1076000,1048000,1073000,837
20151211,1072000,1095000,1057000,1073000,1556
20151210,1070000,1083000,1064000,1075000,811
20151209,1082000,1082000,1066000,1074000,387
20151208,1086000,1088000,1068000,1071000,510
20151207,1098000,1103000,1084000,1086000,784
20151204,1101000,1120000,1097000,1109000,340
20151203,1118000,1118000,1098000,1115000,457
20151202,1121000,1130000,1111000,1119000,564
20151201,1129000,1145000,1120000,1124000,655
20151130,1106000,1141000,1106000,1132000,857
20151127,1116000,1127000,1102000,1122000,373
20151126,1090000,1117000,1090000,1116000,309
20151125,1095000,1107000,1084000,1099000,467
20151124,1092000,1104000,1078000,1102000,931
20151123,1090000,1104000,1086000,1103000,240
20151120,1097000,1115000,1086000,1095000,290
20151119,1101000,1105000,1086000,1094000,1093
20151118,1105000,1112000,1060000,1094000,1461
20151117,1111000,1118000,1102000,1107000,469
20151116,1083000,1127000,1083000,1120000,492
20151113,1083000,1104000,1083000,1098000,326
20151112,1064000,1104000,1064000,1100000,327
20151111,1102000,1103000,1077000,1077000,1309
20151110,1112000,1116000,1101000,1102000,214
20151109,1125000,1135000,1112000,1123000,692
20151106,1115000,1136000,1111000,1130000,1437
20151105,1110000,1119000,1105000,1119000,459
20151104,1105000,1124000,1105000,1120000,693
20151103,1104000,1124000,1102000,1102000,1025
20151102,1119000,1119000,1103000,1105000,413
20151030,1139000,1141000,1106000,1110000,804
20151029,1135000,1145000,1132000,1139000,261
20151028,1144000,1145000,1134000,1143000,315
20151027,1147000,1147000,1128000,1138000,494
20151026,1147000,1159000,1140000,1143000,370
20151023,1171000,1171000,1142000,1145000,512
20151022,1160000,1165000,1142000,1153000,708
20151021,1162000,1172000,1162000,1165000,339
20151020,1161000,1172000,1156000,1171000,443
20151019,1169000,1179000,1162000,1165000,365
20151016,1192000,1192000,1169000,1169000,555
20151015,1163000,1191000,1163000,1187000,443
20151014,1185000,1185000,1166000,1174000,258
20151013,1172000,1184000,1172000,1181000,237
20151012,1190000,1190000,1164000,1179000,1098
20151008,1172000,1190000,1168000,1190000,935
20151007,1175000,1191000,1175000,1181000,389
20151006,1187000,1200000,1180000,1183000,402
20151005,1191000,1210000,1187000,1192000,204
20151002,1190000,1203000,1183000,1187000,159
20151001,1186000,1208000,1185000,1189000,499
20150930,1178000,1199000,1178000,1197000,156
20150925,1216000,1216000,1190000,1201000,166
20150924,1199000,1199000,1184000,1192000,178
20150923,1191000,1202000,1178000,1189000,602
20150922,1202000,1219000,1199000,1208000,311
20150921,1195000,1223000,1193000,1200000,270
20150918,1203000,1224000,1201000,1212000,870
20150917,1233000,1233000,1203000,1207000,457
20150916,1210000,1237000,1203000,1215000,390
20150915,1193000,1203000,1187000,1198000,309
20150914,1201000,1201000,1174000,1193000,832
20150911,1209000,1221000,1201000,1204000,507
20150910,1205000,1230000,1193000,1230000,704
20150909,1198000,1205000,1188000,1205000,571
20150908,1186000,1197000,1180000,1188000,222
20150907,1168000,1200000,1168000,1197000,399
20150904,1179000,1188000,1161000,1188000,623
20150903,1181000,1192000,1173000,1189000,562
20150902,1185000,1201000,1171000,1189000,392
20150901,1178000,1204000,1175000,1195000,501
20150831,1194000,1216000,1183000,1189000,695
20150828,1180000,1202000,1177000,1193000,786
20150827,1180000,1212000,1180000,1183000,819
20150826,1128000,1219000,1120000,1209000,1114
20150825,1147000,1150000,1117000,1135000,884
20150824,1144000,1152000,1085000,1147000,1570
20150821,1159000,1159000,1105000,1144000,688
20150820,1154000,1175000,1152000,1153000,664
20150819,1166000,1180000,1137000,1170000,799
20150818,1181000,1198000,1170000,1180000,857
20150817,1202000,1208000,1175000,1175000,635
20150813,1173000,1220000,1162000,1220000,600
20150812,1188000,1188000,1151000,1171000,954
20150811,1179000,1191000,1179000,1182000,464
20150810,1218000,1218000,1177000,1177000,631
20150807,1200000,1208000,1187000,1206000,287
20150806,1203000,1210000,1182000,1203000,920
20150805,1193000,1203000,1185000,1203000,898
20150804,1202000,1207000,1196000,1198000,547
20150803,1202000,1224000,1199000,1202000,596
20150731,1209000,1216000,1192000,1215000,936
20150730,1215000,1224000,1191000,1209000,500
20150729,1201000,1218000,1200000,1207000,620
20150728,1234000,1234000,1198000,1209000,1039
20150727,1257000,1267000,1228000,1234000,1180
20150724,1275000,1284000,1262000,1270000,700
20150723,1304000,1304000,1275000,1287000,986
20150722,1341000,1342000,1306000,1316000,862
20150721,1341000,1360000,1341000,1353000,582
20150720,1364000,1364000,1335000,1351000,496
20150717,1372000,1385000,1353000,1368000,413
20150716,1367000,1397000,1349000,1379000,865
20150715,1367000,1380000,1358000,1377000,741
20150714,1351000,1380000,1335000,1379000,1062
20150713,1301000,1360000,1301000,1356000,1258
20150710,1315000,1333000,1311000,1319000,888
20150709,1316000,1326000,1280000,1314000,894
20150708,1334000,1336000,1301000,1331000,1277
20150707,1341000,1354000,1320000,1340000,1038
20150706,1367000,1370000,1330000,1351000,1277
20150703,1374000,1386000,1362000,1383000,793
20150702,1371000,1383000,1358000,1374000,822
20150701,1360000,1375000,1356000,1371000,652
20150630,1346000,1364000,1329000,1357000,836
20150629,1337000,1355000,1333000,1349000,1036
20150626,1397000,1397000,1362000,1369000,758
20150625,1362000,1398000,1362000,1388000,1921
20150624,1353000,1389000,1338000,1385000,1055
20150623,1340000,1378000,1335000,1355000,1169
20150622,1311000,1349000,1311000,1347000,982
20150619,1353000,1360000,1305000,1328000,1297
20150618,1325000,1360000,1296000,1354000,2797
20150617,1330000,1330000,1294000,1300000,1852
20150616,1360000,1365000,1315000,1343000,1362
20150615,1393000,1398000,1329000,1360000,1454
20150612,1368000,1369000,1322000,1368000,2090
20150611,1330000,1368000,1301000,1368000,1827
20150610,1292000,1321000,1280000,1321000,1303
20150609,1302000,1310000,1286000,1295000,1044
20150608,1250000,1304000,1250000,1302000,1578
20150605,1245000,1258000,1211000,1249000,2342
20150604,1221000,1239000,1221000,1230000,2159
20150603,1231000,1265000,1224000,1227000,2309
20150602,1247000,1248000,1219000,1230000,1753
20150601,1233000,1234000,1218000,1230000,1186
20150529,1215000,1247000,1215000,1233000,1094
20150528,1208000,1233000,1208000,1226000,635
20150527,1214000,1229000,1195000,1227000,1619
20150526,1249000,1260000,1228000,1230000,1020
20150522,1251000,1264000,1240000,1248000,1967
20150521,1251000,1273000,1245000,1249000,3320
20150520,1250000,1295000,1244000,1250000,2259
20150519,1212000,1265000,1202000,1247000,3663
20150518,1195000,1216000,1195000,1202000,1659
20150515,1204000,1211000,1193000,1193000,689
20150514,1200000,1219000,1199000,1202000,2478
20150513,1194000,1215000,1194000,1201000,1942
20150512,1202000,1209000,1196000,1201000,1229
20150511,1179000,1205000,1177000,1201000,1630
20150508,1195000,1195000,1175000,1179000,1566
20150507,1195000,1211000,1166000,1187000,978
20150506,1198000,1218000,1187000,1199000,2179
20150504,1201000,1203000,1186000,1198000,828
20150430,1235000,1236000,1185000,1201000,1154
20150429,1219000,1227000,1209000,1220000,519
20150428,1218000,1230000,1214000,1219000,1112
20150427,1230000,1236000,1211000,1218000,899
20150424,1224000,1260000,1220000,1229000,2618
20150423,1217000,1237000,1215000,1223000,1427
20150422,1221000,1225000,1207000,1219000,1323
20150421,1220000,1221000,1201000,1215000,579
20150420,1225000,1232000,1212000,1219000,968
20150417,1232000,1247000,1219000,1223000,1306
20150416,1236000,1249000,1221000,1240000,693
20150415,1227000,1250000,1223000,1238000,1302
20150414,1204000,1245000,1204000,1239000,570
20150413,1204000,1221000,1188000,1212000,521
20150410,1203000,1225000,1202000,1212000,452
20150409,1190000,1212000,1190000,1212000,267
20150408,1197000,1207000,1192000,1202000,207
20150407,1201000,1212000,1196000,1207000,442
20150406,1218000,1218000,1195000,1206000,241
20150403,1199000,1223000,1199000,1218000,361
20150402,1208000,1218000,1193000,1218000,355
20150401,1203000,1208000,1190000,1204000,401
20150331,1199000,1207000,1183000,1203000,453
20150330,1183000,1204000,1173000,1199000,633
20150327,1159000,1177000,1159000,1177000,302
20150326,1152000,1174000,1152000,1170000,566
20150325,1159000,1177000,1157000,1170000,368
20150324,1147000,1172000,1147000,1166000,232
20150323,1143000,1165000,1137000,1157000,389
20150320,1179000,1179000,1134000,1151000,556
20150319,1151000,1172000,1151000,1170000,381
20150318,1149000,1166000,1141000,1161000,460
20150317,1124000,1143000,1123000,1141000,519
20150316,1122000,1138000,1122000,1129000,248
20150313,1121000,1144000,1118000,1130000,1432
20150312,1134000,1147000,1115000,1125000,1069
20150311,1152000,1152000,1127000,1139000,502
20150310,1154000,1158000,1146000,1152000,189
20150309,1160000,1169000,1146000,1161000,345
20150306,1158000,1175000,1158000,1162000,436
20150305,1158000,1172000,1158000,1163000,128
20150304,1162000,1178000,1153000,1156000,355
20150303,1164000,1178000,1162000,1167000,378
20150302,1165000,1179000,1160000,1170000,314
20150227,1161000,1185000,1161000,1165000,396
20150226,1157000,1174000,1154000,1170000,367
20150225,1131000,1163000,1131000,1154000,539
20150224,1135000,1145000,1127000,1141000,196
20150223,1118000,1141000,1118000,1137000,298
20150217,1110000,1127000,1107000,1127000,199
20150216,1115000,1123000,1108000,1120000,182
20150213,1114000,1117000,1107000,1116000,215
20150212,1122000,1122000,1111000,1111000,89
20150211,1116000,1122000,1108000,1113000,164
20150210,1116000,1117000,1104000,1115000,339
20150209,1105000,1118000,1103000,1110000,476
20150206,1116000,1116000,1104000,1107000,508
20150205,1117000,1133000,1108000,1115000,661
20150204,1119000,1131000,1116000,1128000,511
20150203,1122000,1135000,1120000,1122000,253
20150202,1118000,1133000,1118000,1129000,114
20150130,1116000,1129000,1109000,1128000,502
20150129,1118000,1120000,1109000,1110000,622
20150128,1122000,1131000,1103000,1127000,697
20150127,1120000,1130000,1111000,1114000,616
20150126,1122000,1131000,1112000,1125000,635
20150123,1136000,1149000,1123000,1125000,652
20150122,1135000,1142000,1126000,1142000,493
20150121,1145000,1145000,1124000,1128000,523
20150120,1143000,1143000,1117000,1141000,339
20150119,1135000,1138000,1126000,1127000,261
20150116,1138000,1138000,1125000,1133000,304
20150115,1141000,1141000,1124000,1138000,385
20150114,1131000,1141000,1126000,1141000,360
20150113,1134000,1138000,1126000,1138000,448
20150112,1128000,1141000,1127000,1141000,419
20150109,1130000,1145000,1124000,1140000,324
20150108,1118000,1138000,1118000,1134000,414
20150107,1121000,1136000,1121000,1133000,424
20150106,1156000,1174000,1115000,1134000,737
20150105,1150000,1173000,1141000,1169000,499
20150102,1146000,1164000,1142000,1163000,280
20141230,1200000,1202000,1152000,1156000,795
20141229,1248000,1248000,1200000,1208000,178
20141226,1229000,1237000,1218000,1233000,237
20141224,1221000,1221000,1210000,1218000,107
20141223,1214000,1223000,1201000,1216000,439
20141222,1214000,1217000,1189000,1214000,99
20141219,1191000,1216000,1186000,1200000,292
20141218,1224000,1224000,1183000,1194000,365
20141217,1199000,1201000,1180000,1201000,199
20141216,1167000,1197000,1167000,1189000,124
20141215,1142000,1199000,1114000,1180000,1256
20141212,1141000,1162000,1136000,1147000,592
20141211,1157000,1183000,1146000,1152000,906
20141210,1187000,1187000,1156000,1170000,229
20141209,1175000,1196000,1164000,1185000,388
20141208,1182000,1197000,1178000,1184000,193
20141205,1161000,1190000,1161000,1185000,277
20141204,1175000,1177000,1163000,1173000,222
20141203,1150000,1178000,1150000,1163000,157
20141202,1157000,1181000,1157000,1168000,298
20141201,1190000,1196000,1153000,1169000,300
20141128,1214000,1214000,1180000,1190000,183
20141127,1184000,1196000,1162000,1190000,309
20141126,1210000,1211000,1189000,1189000,131
20141125,1208000,1215000,1184000,1199000,390
20141124,1192000,1218000,1192000,1208000,108
20141121,1199000,1205000,1184000,1205000,207
20141120,1190000,1214000,1183000,1185000,268
20141119,1176000,1187000,1171000,1187000,214
20141118,1172000,1177000,1155000,1175000,585
20141117,1140000,1167000,1140000,1159000,262
20141114,1150000,1165000,1126000,1155000,388
20141113,1151000,1175000,1146000,1150000,526
20141112,1140000,1177000,1140000,1160000,428
20141111,1130000,1178000,1113000,1159000,590
20141110,1163000,1171000,1112000,1123000,1495
20141107,1173000,1184000,1166000,1171000,357
20141106,1189000,1192000,1156000,1185000,860
20141105,1233000,1246000,1174000,1200000,1267
20141104,1267000,1270000,1213000,1225000,521
20141103,1234000,1274000,1234000,1266000,598
20141031,1277000,1277000,1250000,1250000,491
20141030,1295000,1309000,1270000,1285000,386
20141029,1295000,1310000,1287000,1306000,846
20141028,1279000,1299000,1279000,1295000,318
20141027,1318000,1318000,1268000,1286000,445
20141024,1311000,1312000,1291000,1305000,295
20141023,1290000,1300000,1282000,1300000,1018
20141022,1308000,1325000,1289000,1300000,337
20141021,1282000,1297000,1264000,1297000,341
20141020,1300000,1300000,1288000,1295000,313
20141017,1297000,1327000,1292000,1300000,310
20141016,1277000,1287000,1255000,1287000,328
20141015,1277000,1292000,1265000,1266000,595
20141014,1326000,1326000,1277000,1288000,581
20141013,1325000,1325000,1286000,1305000,431
20141010,1327000,1333000,1293000,1331000,618
20141008,1324000,1334000,1315000,1327000,338
20141007,1328000,1346000,1324000,1330000,480
20141006,1317000,1346000,1317000,1340000,373
20141002,1312000,1343000,1282000,1335000,643
20141001,1322000,1323000,1305000,1312000,380
20140930,1345000,1364000,1317000,1330000,477
20140929,1327000,1360000,1327000,1345000,552
20140926,1331000,1349000,1327000,1338000,1165
20140925,1310000,1337000,1296000,1331000,403
20140924,1294000,1310000,1294000,1310000,604
20140923,1284000,1308000,1279000,1305000,447
20140922,1279000,1295000,1272000,1283000,323
20140919,1274000,1293000,1271000,1282000,210
20140918,1270000,1286000,1270000,1270000,271
20140917,1283000,1283000,1271000,1281000,280
20140916,1288000,1301000,1273000,1273000,354
20140915,1303000,1303000,1277000,1287000,229
20140912,1298000,1324000,1291000,1291000,250
20140911,1300000,1340000,1296000,1296000,563
20140905,1292000,1322000,1292000,1303000,345
20140904,1324000,1327000,1304000,1304000,279
20140903,1304000,1320000,1298000,1310000,489
20140902,1313000,1331000,1310000,1320000,362
20140901,1294000,1329000,1291000,1316000,374
20140829,1318000,1332000,1302000,1302000,511
20140828,1321000,1335000,1308000,1319000,489
20140827,1349000,1349000,1322000,1322000,371
20140826,1317000,1348000,1317000,1330000,420
20140825,1328000,1344000,1327000,1330000,307
20140822,1325000,1347000,1325000,1327000,219
20140821,1322000,1349000,1321000,1335000,414
20140820,1327000,1332000,1320000,1327000,222
20140819,1317000,1337000,1317000,1327000,299
20140818,1350000,1350000,1327000,1328000,208
20140814,1367000,1367000,1337000,1337000,340
20140813,1327000,1350000,1327000,1350000,772
20140812,1348000,1348000,1320000,1327000,493
20140811,1334000,1363000,1334000,1335000,291
20140808,1353000,1373000,1337000,1337000,308
20140807,1362000,1372000,1352000,1356000,461
20140806,1379000,1388000,1350000,1361000,531
20140805,1406000,1406000,1368000,1375000,1387
20140804,1408000,1440000,1386000,1390000,785
20140801,1415000,1445000,1389000,1416000,948
20140731,1379000,1409000,1370000,1399000,1018
20140730,1375000,1426000,1362000,1380000,899
20140729,1364000,1371000,1339000,1364000,663
20140728,1354000,1360000,1338000,1341000,557
20140725,1320000,1349000,1320000,1346000,279
20140724,1321000,1336000,1315000,1319000,292
20140723,1309000,1338000,1309000,1319000,323
20140722,1284000,1328000,1284000,1312000,613
20140721,1274000,1295000,1271000,1290000,265
20140718,1281000,1295000,1273000,1273000,262
20140717,1264000,1297000,1264000,1287000,482
20140716,1260000,1280000,1260000,1268000,414
20140715,1265000,1287000,1265000,1268000,503
20140714,1281000,1281000,1264000,1270000,276
20140711,1261000,1280000,1259000,1280000,374
20140710,1272000,1279000,1263000,1264000,188
20140709,1264000,1281000,1264000,1272000,384
20140708,1288000,1295000,1262000,1278000,490
20140707,1293000,1307000,1288000,1300000,79
20140704,1298000,1318000,1297000,1300000,233
20140703,1259000,1308000,1259000,1300000,1610
20140702,1265000,1284000,1259000,1259000,471
20140701,1250000,1275000,1248000,1272000,276
20140630,1264000,1279000,1259000,1263000,118
20140627,1252000,1271000,1252000,1264000,109
20140626,1260000,1273000,1256000,1262000,207
20140625,1275000,1275000,1257000,1259000,270
20140624,1261000,1283000,1261000,1283000,213
20140623,1284000,1284000,1256000,1270000,405
20140620,1300000,1300000,1286000,1286000,102
20140619,1293000,1300000,1275000,1300000,496
20140618,1266000,1280000,1256000,1275000,334
20140617,1260000,1278000,1259000,1260000,222
20140616,1265000,1276000,1252000,1260000,434
20140613,1279000,1282000,1259000,1270000,484
20140612,1294000,1307000,1277000,1285000,709
20140611,1315000,1344000,1286000,1300000,769
20140610,1307000,1325000,1296000,1320000,440
20140609,1294000,1317000,1281000,1300000,260
20140605,1276000,1300000,1270000,1300000,522
20140603,1272000,1305000,1261000,1289000,2756
20140602,1285000,1289000,1274000,1284000,245
20140530,1295000,1306000,1278000,1278000,429
20140529,1308000,1308000,1291000,1299000,79
20140528,1265000,1303000,1265000,1303000,1375
20140527,1304000,1305000,1272000,1275000,457
20140526,1271000,1300000,1265000,1300000,623
20140523,1267000,1280000,1265000,1277000,392
20140522,1258000,1280000,1258000,1267000,257
20140521,1253000,1279000,1253000,1260000,560
20140520,1282000,1282000,1255000,1257000,388
20140519,1286000,1286000,1248000,1277000,1419
20140516,1277000,1303000,1274000,1280000,365
20140515,1311000,1315000,1286000,1288000,185
20140514,1294000,1319000,1292000,1305000,401
20140513,1281000,1297000,1260000,1294000,1067
20140512,1284000,1284000,1254000,1275000,255
20140509,1246000,1284000,1246000,1280000,685
20140508,1269000,1274000,1227000,1269000,562
20140507,1299000,1305000,1270000,1270000,290
20140502,1319000,1321000,1287000,1305000,453
20140430,1324000,1332000,1310000,1331000,192
20140429,1326000,1330000,1322000,1329000,425
20140428,1333000,1333000,1305000,1326000,735
20140425,1340000,1363000,1310000,1326000,252
20140424,1362000,1369000,1346000,1351000,179
20140423,1349000,1370000,1349000,1369000,234
20140422,1358000,1370000,1351000,1359000,219
20140421,1353000,1370000,1345000,1367000,165
20140418,1327000,1363000,1326000,1360000,899
20140417,1343000,1353000,1340000,1343000,400
20140416,1319000,1345000,1318000,1343000,753
20140415,1318000,1339000,1318000,1330000,831
20140414,1318000,1349000,1311000,1325000,253
20140411,1337000,1349000,1321000,1325000,468
20140410,1347000,1361000,1340000,1345000,377
20140409,1361000,1380000,1343000,1353000,581
20140408,1365000,1365000,1337000,1361000,239
20140407,1374000,1380000,1360000,1365000,484
20140404,1388000,1397000,1370000,1382000,311
20140403,1369000,1389000,1366000,1380000,398
20140402,1380000,1390000,1373000,1373000,481
20140401,1379000,1400000,1364000,1379000,411
20140331,1371000,1388000,1370000,1370000,221
20140328,1369000,1395000,1369000,1376000,368
20140327,1399000,1399000,1374000,1376000,142
20140326,1385000,1405000,1371000,1390000,571
20140325,1408000,1408000,1387000,1395000,495
20140324,1390000,1405000,1380000,1398000,905
20140321,1408000,1440000,1385000,1390000,708
20140320,1410000,1428000,1390000,1410000,459
20140319,1375000,1427000,1375000,1425000,1293
20140318,1365000,1399000,1360000,1380000,484
20140317,1335000,1392000,1311000,1372000,442
20140314,1329000,1344000,1301000,1301000,578
20140313,1365000,1366000,1323000,1323000,611
20140312,1366000,1384000,1334000,1355000,409
20140311,1370000,1386000,1370000,1380000,148
20140310,1370000,1395000,1343000,1386000,1081
20140307,1399000,1411000,1386000,1386000,1244
20140306,1403000,1403000,1372000,1397000,185
20140305,1389000,1398000,1383000,1396000,160
20140304,1387000,1388000,1366000,1381000,299
20140303,1363000,1399000,1363000,1382000,413
20140228,1386000,1418000,1350000,1389000,2271
20140227,1380000,1400000,1380000,1399000,506
20140226,1377000,1401000,1376000,1387000,303
20140225,1400000,1412000,1391000,1400000,465
20140224,1383000,1414000,1383000,1392000,615
20140221,1361000,1392000,1361000,1392000,304
20140220,1364000,1387000,1335000,1383000,472
20140219,1371000,1390000,1370000,1370000,328
20140218,1392000,1394000,1353000,1388000,724
20140217,1400000,1400000,1369000,1392000,473
20140214,1379000,1409000,1378000,1390000,196
20140213,1390000,1405000,1378000,1378000,225
20140212,1375000,1409000,1375000,1390000,507
20140211,1371000,1410000,1371000,1384000,454
20140210,1408000,1409000,1385000,1402000,407
20140207,1344000,1392000,1344000,1389000,628
20140206,1350000,1354000,1323000,1354000,410
20140205,1367000,1367000,1316000,1331000,516
20140204,1399000,1399000,1356000,1360000,596
20140203,1403000,1404000,1375000,1401000,559
20140129,1385000,1405000,1176000,1404000,736
20140128,1340000,1396000,1340000,1380000,810
20140127,1339000,1350000,1307000,1350000,371
20140124,1322000,1340000,1308000,1339000,371
20140123,1315000,1330000,1286000,1330000,1370
20140122,1346000,1370000,1311000,1311000,219
20140121,1363000,1379000,1331000,1346000,129
20140120,1329000,1349000,1320000,1328000,269
20140117,1315000,1360000,1312000,1338000,210
20140116,1282000,1359000,1282000,1331000,443
20140115,1256000,1306000,1256000,1303000,320
20140114,1286000,1296000,1270000,1272000,261
20140113,1324000,1332000,1295000,1296000,314
20140110,1318000,1325000,1285000,1325000,519
20140109,1344000,1368000,1313000,1313000,483
20140108,1360000,1383000,1320000,1360000,485
20140107,1380000,1406000,1358000,1358000,497
20140106,1338000,1410000,1327000,1387000,621
20140103,1373000,1402000,1351000,1355000,1017
20140102,1299000,1399000,1283000,1350000,983
20131230,1283000,1312000,1274000,1290000,458
20131227,1279000,1280000,1259000,1272000,109
20131226,1281000,1283000,1265000,1283000,537
20131224,1225000,1279000,1225000,1265000,635
20131223,1208000,1229000,1199000,1225000,463
20131220,1217000,1218000,1188000,1188000,391
20131219,1215000,1218000,1191000,1217000,651
20131218,1176000,1225000,1176000,1214000,988
20131217,1230000,1230000,1187000,1195000,384
20131216,1159000,1225000,1159000,1210000,904
20131213,1149000,1188000,1134000,1180000,483
20131212,1127000,1169000,1121000,1150000,400
20131211,1136000,1164000,1136000,1138000,1259
20131210,1150000,1150000,1131000,1150000,567
20131209,1150000,1168000,1139000,1141000,563
20131206,1126000,1151000,1126000,1145000,171
20131205,1150000,1157000,1125000,1140000,653
20131204,1140000,1153000,1140000,1146000,612
20131203,1162000,1168000,1142000,1146000,556
20131202,1171000,1191000,1169000,1180000,195
20131129,1143000,1197000,1143000,1192000,766
20131128,1123000,1166000,1118000,1160000,753
20131127,1102000,1117000,1101000,1103000,1308
20131126,1138000,1139000,1102000,1102000,562
20131125,1140000,1155000,1135000,1145000,383
20131122,1131000,1141000,1131000,1140000,152
20131121,1155000,1155000,1126000,1140000,346
20131120,1143000,1159000,1143000,1152000,1112
20131119,1140000,1161000,1140000,1148000,537
20131118,1142000,1153000,1139000,1143000,212
20131115,1145000,1154000,1142000,1144000,403
20131114,1140000,1164000,1140000,1140000,633
20131113,1193000,1193000,1148000,1148000,524
20131112,1170000,1196000,1170000,1194000,381
20131111,1175000,1193000,1175000,1189000,343
20131108,1189000,1211000,1161000,1193000,405
20131107,1221000,1224000,1187000,1188000,289
20131106,1223000,1248000,1221000,1225000,233
20131105,1232000,1249000,1229000,1239000,249
20131104,1280000,1295000,1237000,1245000,392
20131101,1295000,1300000,1281000,1286000,232
20131031,1283000,1317000,1277000,1310000,446
20131030,1266000,1303000,1266000,1303000,376
20131029,1262000,1290000,1259000,1280000,346
20131028,1254000,1273000,1242000,1270000,363
20131025,1282000,1297000,1255000,1255000,262
20131024,1303000,1303000,1286000,1298000,214
20131023,1274000,1304000,1274000,1301000,356
20131022,1299000,1310000,1274000,1278000,354
20131021,1320000,1320000,1282000,1285000,126
20131018,1280000,1309000,1280000,1302000,607
20131017,1278000,1319000,1277000,1278000,269
20131016,1220000,1300000,1200000,1272000,1046
20131015,1219000,1222000,1183000,1220000,748
20131014,1197000,1208000,1190000,1208000,142
20131011,1194000,1213000,1194000,1209000,418
20131010,1208000,1217000,1192000,1192000,801
20131008,1186000,1208000,1170000,1208000,333
20131007,1178000,1185000,1169000,1173000,492
20131004,1188000,1208000,1186000,1201000,212
20131002,1201000,1209000,1190000,1200000,516
20131001,1200000,1210000,1176000,1200000,560
20130930,1188000,1205000,1188000,1200000,387
20130927,1224000,1224000,1190000,1204000,452
20130926,1193000,1208000,1182000,1204000,478
20130925,1214000,1214000,1191000,1193000,450
20130924,1200000,1216000,1193000,1200000,898
20130923,1234000,1240000,1192000,1200000,794
20130917,1250000,1253000,1227000,1235000,987
20130916,1250000,1288000,1241000,1277000,573
20130913,1281000,1288000,1255000,1255000,518
20130912,1290000,1320000,1269000,1280000,1257
20130911,1224000,1291000,1224000,1265000,1136
20130910,1205000,1245000,1205000,1230000,653
20130909,1180000,1228000,1180000,1224000,343
20130906,1183000,1207000,1180000,1194000,1678
20130905,1170000,1194000,1165000,1190000,434
20130904,1188000,1188000,1167000,1178000,366
20130903,1183000,1183000,1158000,1179000,758
20130902,1139000,1180000,1139000,1179000,365
20130830,1165000,1165000,1116000,1156000,1279
20130829,1144000,1175000,1144000,1165000,763
20130828,1176000,1193000,1142000,1142000,617
20130827,1192000,1195000,1176000,1182000,453
20130826,1134000,1207000,1133000,1200000,741
20130823,1150000,1152000,1126000,1140000,1048
20130822,1164000,1169000,1141000,1150000,578
20130821,1210000,1217000,1156000,1180000,1306
20130820,1202000,1226000,1186000,1220000,813
20130819,1202000,1240000,1189000,1226000,513
20130816,1128000,1207000,1127000,1202000,1552
20130814,1153000,1173000,1129000,1156000,956
20130813,1150000,1180000,1148000,1149000,653
20130812,1154000,1170000,1140000,1151000,537
20130809,1188000,1188000,1135000,1170000,990
20130808,1155000,1180000,1144000,1176000,514
20130807,1140000,1158000,1139000,1142000,402
20130806,1148000,1148000,1130000,1141000,530
20130805,1113000,1155000,1113000,1148000,575
20130802,1087000,1139000,1080000,1108000,2002
20130801,1062000,1084000,1062000,1084000,726
20130731,1077000,1078000,1056000,1076000,433
20130730,1048000,1076000,1048000,1072000,594
20130729,1056000,1062000,1046000,1046000,202
20130726,1066000,1070000,1060000,1069000,410
20130725,1039000,1072000,1039000,1057000,320
20130724,1074000,1077000,1046000,1046000,448
20130723,1059000,1073000,1051000,1066000,419
20130722,1058000,1059000,1048000,1058000,231
20130719,1025000,1052000,1024000,1045000,267
20130718,1035000,1050000,1028000,1033000,661
20130717,1029000,1051000,1029000,1050000,369
20130716,1056000,1056000,1043000,1047000,510
20130715,1016000,1055000,1016000,1053000,496
20130712,1024000,1055000,1023000,1023000,316
20130711,1034000,1042000,1021000,1033000,589
20130710,1023000,1024000,1010000,1023000,235
20130709,1024000,1025000,1007000,1023000,109
20130708,1015000,1024000,999000,1017000,226
20130705,1020000,1025000,1003000,1015000,593
20130704,970000,1014000,968000,1012000,3683
20130703,983000,1003000,970000,970000,400
20130702,979000,995000,968000,995000,192
20130701,940000,971000,940000,963000,213
20130628,946000,977000,946000,958000,358
20130627,935000,967000,935000,961000,528
20130626,935000,944000,902000,935000,805
20130625,940000,942000,905000,935000,591
20130624,931000,948000,922000,932000,394
20130621,926000,948000,922000,931000,1098
20130620,995000,995000,905000,945000,2230
20130619,994000,1014000,976000,981000,398
20130618,1003000,1009000,991000,991000,484
20130617,998000,1013000,991000,1002000,556
20130614,1041000,1041000,891000,992000,650
20130613,1042000,1042000,1015000,1036000,519
20130612,1034000,1043000,1020000,1042000,267
20130611,1045000,1047000,1021000,1029000,372
20130610,1021000,1042000,1014000,1042000,374
20130607,1025000,1038000,1004000,1038000,412
20130605,1026000,1045000,1007000,1024000,534
20130604,1065000,1065000,1044000,1045000,360
20130603,1049000,1060000,1036000,1060000,262
20130531,1037000,1061000,1037000,1049000,197
20130530,1040000,1054000,1035000,1036000,255
20130529,1027000,1053000,1018000,1050000,420
20130528,1024000,1030000,1009000,1029000,97
20130527,1015000,1028000,1011000,1015000,220
20130524,1033000,1040000,1014000,1016000,232
20130523,1067000,1067000,1013000,1033000,777
20130522,1020000,1068000,1014000,1062000,1000
20130521,1013000,1020000,990000,1011000,461
20130520,1058000,1064000,1008000,1008000,1280
20130516,1064000,1083000,1051000,1068000,535
20130515,1074000,1074000,1046000,1061000,768
20130514,1060000,1085000,1060000,1074000,616
20130513,1056000,1076000,1032000,1076000,476
20130510,1060000,1088000,1055000,1060000,437
20130509,1029000,1069000,1022000,1060000,778
20130508,1020000,1037000,1020000,1029000,416
20130507,1016000,1038000,1013000,1030000,403
20130506,1018000,1035000,1017000,1030000,624
20130503,1005000,1018000,997000,1018000,601
20130502,1001000,1008000,995000,1006000,218
20130430,1000000,1010000,996000,1010000,858
20130429,992000,1002000,981000,1002000,325
20130426,999000,1006000,982000,1000000,369
20130425,966000,998000,966000,998000,668
20130424,957000,975000,945000,966000,758
20130423,909000,955000,901000,945000,773
20130422,890000,900000,890000,898000,733
20130419,911000,911000,896000,897000,768
20130418,890000,904000,890000,902000,861
20130417,916000,917000,891000,898000,1103
20130416,925000,926000,912000,916000,1390
20130415,946000,947000,910000,918000,1555
20130412,951000,968000,946000,946000,685
20130411,977000,977000,945000,950000,858
20130410,945000,978000,945000,955000,531
20130409,963000,971000,951000,958000,683
20130408,999000,999000,961000,963000,615
20130405,1000000,1005000,983000,988000,487
20130404,1011000,1020000,990000,1000000,893
20130403,1025000,1030000,1011000,1016000,584
20130402,1022000,1037000,1020000,1036000,393
20130401,1014000,1036000,1014000,1033000,170
20130329,1047000,1047000,1033000,1041000,461
20130328,1034000,1037000,1023000,1037000,231
20130327,1019000,1032000,1012000,1032000,582
20130326,1010000,1026000,1005000,1025000,259
20130325,1016000,1016000,1002000,1013000,211
20130322,981000,1011000,981000,1002000,789
20130321,1007000,1011000,991000,1002000,650
20130320,995000,1000000,990000,991000,341
20130319,1025000,1025000,994000,1004000,848
20130318,1014000,1018000,1005000,1016000,897
20130315,1002000,1021000,992000,1020000,953
20130314,996000,1006000,991000,1003000,568
20130313,1013000,1013000,997000,1005000,283
20130312,1017000,1017000,995000,1008000,611
20130311,1018000,1018000,998000,1009000,349
20130308,1005000,1012000,1000000,1012000,241
20130307,990000,1004000,986000,1000000,152
20130306,1003000,1014000,993000,993000,636
20130305,1008000,1013000,985000,988000,691
20130304,1035000,1037000,1014000,1014000,749
20130228,1026000,1039000,1013000,1035000,514
20130227,1013000,1025000,1004000,1022000,617
20130226,1000000,1012000,989000,1004000,559
20130225,1001000,1005000,992000,1000000,487
20130222,971000,1010000,966000,997000,795
20130221,966000,976000,961000,964000,571
20130220,965000,973000,959000,973000,805
20130219,955000,960000,950000,955000,464
20130218,966000,968000,948000,948000,563
20130215,955000,964000,950000,959000,796
20130214,952000,969000,950000,959000,1669
20130213,950000,953000,946000,952000,991
20130212,943000,951000,938000,945000,416
20130208,944000,952000,942000,943000,544
20130207,936000,953000,935000,951000,409
20130206,952000,952000,940000,950000,638
20130205,941000,946000,924000,941000,741
20130204,955000,955000,941000,941000,710
20130201,968000,968000,950000,955000,923
20130131,962000,972000,945000,968000,2209
20130130,961000,980000,959000,968000,817
20130129,952000,963000,952000,962000,499
20130128,960000,963000,948000,962000,476
20130125,967000,967000,945000,956000,469
20130124,970000,972000,953000,953000,419
20130123,958000,982000,958000,974000,827
20130122,950000,970000,947000,970000,752
20130121,953000,954000,941000,950000,393
20130118,952000,957000,944000,944000,707
20130117,944000,955000,943000,948000,646
20130116,950000,955000,943000,947000,851
20130115,948000,956000,942000,954000,735
20130114,950000,954000,942000,953000,422
20130111,953000,961000,941000,960000,559
20130110,951000,959000,948000,955000,774
20130109,963000,970000,949000,951000,623
20130108,959000,978000,954000,972000,873
20130107,944000,956000,938000,956000,632
20130104,946000,955000,942000,943000,983
20130103,944000,954000,941000,941000,764
20130102,947000,952000,940000,943000,779
20121228,951000,966000,931000,945000,909
20121227,950000,958000,944000,951000,890
20121226,943000,956000,941000,954000,483
20121224,946000,952000,937000,942000,726
20121221,951000,965000,951000,962000,934
20121220,950000,963000,948000,949000,707
20121218,965000,978000,947000,965000,846
20121217,990000,990000,957000,965000,769
20121214,985000,987000,965000,984000,425
20121213,969000,988000,960000,985000,1230
20121212,931000,967000,931000,967000,1217
20121211,914000,939000,910000,930000,733
20121210,921000,929000,905000,912000,888
20121207,937000,937000,918000,923000,433
20121206,922000,934000,909000,929000,1220
20121205,925000,940000,925000,925000,913
20121204,914000,942000,914000,932000,610
20121203,943000,943000,924000,924000,301
20121130,921000,938000,918000,934000,761
20121129,925000,936000,924000,925000,289
20121128,955000,955000,905000,925000,902
20121127,954000,959000,934000,940000,573
20121126,908000,944000,908000,942000,870
20121123,903000,914000,900000,914000,321
20121122,934000,934000,909000,909000,584
20121121,924000,933000,910000,918000,517
20121120,928000,939000,916000,922000,1015
20121119,885000,927000,885000,917000,805
20121116,881000,897000,875000,885000,619
20121115,911000,918000,869000,883000,2092
20121114,917000,933000,905000,920000,894
20121113,946000,955000,916000,917000,1100
20121112,960000,960000,940000,946000,1024
20121109,971000,971000,940000,954000,1258
20121108,980000,990000,969000,974000,1028
20121107,1003000,1026000,975000,984000,1770
20121106,974000,1017000,974000,1001000,1352
20121105,975000,991000,970000,972000,1054
20121102,1002000,1016000,974000,974000,1708
20121101,1014000,1044000,999000,1000000,1608
20121031,1009000,1036000,994000,1014000,1717
20121030,1115000,1115000,1009000,1009000,3973
20121029,1078000,1109000,1068000,1109000,2212
20121026,1025000,1087000,1018000,1051000,1851
20121025,1005000,1019000,987000,1017000,3957
20121024,926000,1019000,925000,1000000,3872
20121023,903000,934000,902000,923000,759
20121022,905000,915000,902000,902000,517
20121019,904000,922000,904000,908000,203
20121018,922000,933000,903000,903000,330
20121017,929000,939000,918000,918000,200
20121016,921000,934000,921000,927000,248
20121015,918000,930000,914000,928000,396
20121012,934000,945000,917000,917000,366
20121011,929000,944000,912000,938000,1162
20121010,928000,934000,908000,916000,765
20121009,921000,939000,921000,932000,268
20121008,921000,932000,918000,921000,246
20121005,908000,938000,908000,925000,647
20121004,930000,938000,905000,909000,2674
20121002,944000,963000,931000,933000,465
20120928,940000,952000,927000,950000,810
20120927,917000,942000,903000,940000,810
20120926,950000,956000,920000,921000,552
20120925,964000,969000,950000,950000,492
20120924,939000,968000,936000,963000,631
20120921,940000,960000,925000,943000,803
20120920,937000,946000,935000,935000,583
20120919,945000,947000,927000,947000,988
20120918,940000,946000,931000,937000,1114
20120917,909000,948000,908000,937000,963
20120914,910000,928000,908000,913000,1188
20120913,901000,916000,898000,908000,564
20120912,895000,913000,883000,910000,681
20120911,890000,897000,885000,885000,376
20120910,884000,897000,874000,895000,754
20120907,875000,897000,875000,889000,754
20120906,865000,876000,854000,876000,497
20120905,872000,874000,851000,851000,887
20120904,882000,894000,882000,882000,421
20120903,889000,895000,871000,890000,504
20120831,898000,914000,894000,894000,324
20120830,905000,920000,900000,907000,378
20120829,894000,931000,887000,910000,1049
20120828,909000,919000,893000,893000,1164
20120827,933000,934000,910000,918000,716
20120824,920000,932000,908000,932000,483
20120823,937000,937000,925000,934000,376
20120822,934000,937000,924000,932000,349
20120821,938000,938000,918000,932000,409
20120820,940000,942000,913000,930000,1482
20120817,938000,945000,928000,936000,1057
20120816,935000,939000,924000,937000,1229
20120814,918000,950000,904000,933000,2267
20120813,892000,900000,883000,900000,1040
20120810,876000,902000,876000,891000,1644
20120809,835000,890000,835000,873000,3647
20120808,821000,837000,821000,834000,1831
20120807,822000,827000,820000,821000,399
20120806,821000,831000,817000,829000,720
20120803,815000,822000,811000,813000,1582
20120802,827000,833000,813000,813000,297
20120801,811000,830000,810000,827000,1043
20120731,824000,829000,803000,805000,734
20120730,816000,824000,813000,821000,226
20120727,814000,817000,810000,816000,818
20120726,785000,811000,785000,800000,783
20120725,780000,796000,774000,792000,1485
20120724,787000,795000,781000,787000,1177
20120723,837000,837000,796000,800000,720
20120720,840000,843000,834000,834000,318
20120719,845000,852000,840000,845000,607
20120718,829000,842000,826000,834000,835
20120717,838000,842000,828000,830000,593
20120716,826000,843000,824000,838000,624
20120713,839000,843000,824000,832000,460
20120712,838000,846000,830000,839000,1006
20120711,842000,850000,837000,839000,609
20120710,843000,854000,834000,842000,1202
20120709,842000,866000,826000,843000,1154
20120706,839000,842000,831000,842000,1063
20120705,841000,852000,833000,839000,575
20120704,830000,857000,827000,844000,790
20120703,840000,844000,832000,834000,385
20120702,841000,844000,836000,839000,414
20120629,824000,863000,820000,837000,442
20120628,832000,838000,830000,836000,650
20120627,834000,844000,823000,842000,590
20120626,813000,847000,813000,837000,641
20120625,843000,855000,821000,827000,626
20120622,874000,874000,843000,843000,925
20120621,889000,908000,876000,876000,957
20120620,864000,892000,864000,890000,556
20120619,876000,895000,858000,863000,1043
20120618,839000,880000,836000,874000,1521
20120615,820000,826000,812000,821000,725
20120614,789000,827000,783000,812000,2243
20120613,784000,790000,780000,788000,220
20120612,780000,787000,777000,782000,373
20120611,800000,810000,790000,795000,551
20120608,794000,808000,789000,794000,356
20120607,806000,808000,790000,790000,1149
20120605,769000,794000,768000,783000,399
20120604,780000,792000,768000,768000,764
20120601,784000,810000,782000,803000,898
20120531,807000,807000,780000,790000,1087
20120530,832000,832000,810000,810000,740
20120529,820000,830000,806000,830000,542
20120525,804000,823000,800000,819000,1935
20120524,806000,806000,786000,804000,796
20120523,792000,810000,785000,798000,1302
20120522,795000,802000,780000,792000,1113
20120521,790000,802000,759000,791000,703
20120518,804000,810000,788000,789000,1620
20120517,842000,865000,822000,829000,1941
20120516,855000,880000,828000,842000,1917
20120515,921000,921000,879000,879000,1201
20120514,962000,962000,921000,921000,939
20120511,975000,983000,962000,965000,1161
20120510,986000,987000,979000,984000,537
20120509,989000,1008000,981000,985000,852
20120508,985000,992000,985000,987000,422
20120507,1018000,1018000,985000,985000,1214
20120504,1029000,1029000,1010000,1016000,946
20120503,1024000,1025000,1015000,1021000,634
20120502,1017000,1030000,1010000,1016000,1808
20120430,1024000,1037000,1021000,1026000,900
20120427,1054000,1060000,1020000,1022000,861
20120426,1057000,1067000,1049000,1058000,989
20120425,1089000,1100000,1062000,1064000,962
20120424,1099000,1099000,1073000,1089000,442
20120423,1098000,1112000,1090000,1100000,402
20120420,1106000,1108000,1095000,1098000,521
20120419,1092000,1112000,1092000,1108000,328
20120418,1121000,1130000,1097000,1099000,888
20120417,1097000,1130000,1072000,1124000,561
20120416,1099000,1099000,1056000,1080000,477
20120413,1137000,1137000,1100000,1106000,534
20120412,1063000,1119000,1063000,1119000,835
20120410,1034000,1093000,1034000,1084000,1492
20120409,1074000,1074000,1043000,1046000,1527
20120406,1121000,1121000,1075000,1085000,1245
20120405,1150000,1150000,1111000,1112000,608
20120404,1152000,1155000,1136000,1136000,539
20120403,1168000,1168000,1155000,1155000,768
20120402,1165000,1183000,1164000,1167000,337
20120330,1177000,1179000,1164000,1169000,751
20120329,1174000,1175000,1162000,1164000,292
20120328,1170000,1177000,1168000,1174000,506
20120327,1186000,1189000,1171000,1171000,433
20120326,1180000,1200000,1168000,1173000,370
20120323,1194000,1194000,1179000,1182000,340
20120322,1203000,1205000,1186000,1194000,754
20120321,1207000,1210000,1196000,1202000,937
20120320,1205000,1219000,1205000,1214000,386
20120319,1225000,1233000,1203000,1210000,962
20120316,1236000,1253000,1231000,1231000,404
20120315,1244000,1255000,1234000,1245000,718
20120314,1250000,1264000,1250000,1251000,357
20120313,1236000,1260000,1236000,1257000,486
20120312,1227000,1231000,1202000,1231000,475
20120309,1225000,1239000,1224000,1228000,526
20120308,1242000,1242000,1218000,1227000,930
20120307,1275000,1275000,1229000,1233000,627
20120306,1289000,1296000,1259000,1261000,473
20120305,1297000,1297000,1280000,1286000,567
20120302,1294000,1318000,1294000,1301000,225
20120229,1293000,1317000,1293000,1310000,385
20120228,1282000,1310000,1282000,1309000,496
20120227,1290000,1300000,1275000,1300000,449
20120224,1294000,1307000,1283000,1297000,621
20120223,1317000,1317000,1281000,1283000,676
20120222,1304000,1310000,1296000,1304000,539
20120221,1315000,1330000,1309000,1315000,595
20120220,1327000,1347000,1327000,1339000,247
20120217,1318000,1340000,1316000,1337000,443
20120216,1294000,1326000,1290000,1325000,409
20120215,1302000,1320000,1281000,1318000,917
20120214,1307000,1322000,1294000,1300000,583
20120213,1309000,1347000,1306000,1306000,498
20120210,1335000,1338000,1314000,1315000,857
20120209,1333000,1347000,1330000,1341000,641
20120208,1335000,1350000,1331000,1333000,953
20120207,1329000,1364000,1329000,1335000,563
20120206,1345000,1364000,1333000,1341000,574
20120203,1346000,1367000,1341000,1345000,375
20120202,1352000,1382000,1340000,1350000,1096
20120201,1317000,1348000,1310000,1338000,418
20120131,1345000,1363000,1316000,1320000,850
20120130,1356000,1366000,1328000,1357000,560
20120127,1348000,1380000,1348000,1367000,392
20120126,1323000,1378000,1323000,1366000,664
20120125,1323000,1380000,1323000,1359000,719
20120120,1329000,1350000,1329000,1345000,638
20120119,1331000,1353000,1331000,1340000,375
20120118,1324000,1330000,1301000,1330000,912
20120117,1297000,1324000,1297000,1324000,513
20120116,1273000,1298000,1242000,1290000,911
20120113,1233000,1281000,1233000,1267000,414
20120112,1245000,1259000,1231000,1244000,124
20120111,1247000,1250000,1231000,1245000,242
20120110,1212000,1254000,1212000,1254000,380
20120109,1233000,1233000,1203000,1206000,399
20120106,1269000,1277000,1226000,1243000,292
20120105,1249000,1281000,1238000,1265000,633
20120104,1245000,1262000,1225000,1250000,320
20120103,1202000,1263000,1202000,1246000,496
20120102,1224000,1240000,1206000,1213000,338
20111229,1243000,1243000,1215000,1240000,483
20111228,1202000,1236000,1196000,1236000,249
20111227,1238000,1239000,1163000,1211000,344
20111226,1232000,1238000,1221000,1231000,177
20111223,1212000,1235000,1211000,1230000,473
20111222,1201000,1213000,1198000,1199000,173
20111221,1199000,1213000,1194000,1210000,437
20111220,1189000,1196000,1175000,1180000,297
20111219,1206000,1219000,1163000,1189000,1079
20111216,1186000,1229000,1181000,1217000,776
20111215,1214000,1214000,1190000,1206000,493
20111214,1217000,1217000,1174000,1214000,336
20111213,1232000,1247000,1203000,1209000,1377
20111212,1241000,1270000,1234000,1264000,731
20111209,1300000,1300000,1218000,1218000,1390
20111208,1286000,1316000,1277000,1296000,703
20111207,1305000,1323000,1300000,1300000,596
20111206,1287000,1308000,1283000,1305000,261
20111205,1311000,1327000,1304000,1320000,395
20111202,1299000,1321000,1277000,1318000,540
20111201,1290000,1300000,1281000,1287000,914
20111130,1262000,1270000,1230000,1270000,451
20111129,1230000,1269000,1221000,1262000,758
20111128,1203000,1257000,1203000,1230000,349
20111125,1234000,1238000,1205000,1213000,524
20111124,1254000,1261000,1231000,1231000,535
20111123,1280000,1280000,1225000,1241000,709
20111122,1254000,1280000,1226000,1280000,402
20111121,1274000,1274000,1230000,1241000,503
20111118,1289000,1289000,1250000,1274000,847
20111117,1325000,1325000,1279000,1291000,984
20111116,1374000,1389000,1324000,1324000,631
20111115,1356000,1380000,1356000,1372000,307
20111114,1362000,1392000,1362000,1362000,219
20111111,1371000,1394000,1356000,1357000,458
20111110,1425000,1433000,1359000,1359000,781
20111109,1401000,1428000,1401000,1425000,468
20111108,1402000,1403000,1387000,1400000,261
20111107,1423000,1423000,1384000,1386000,355
20111104,1407000,1431000,1402000,1405000,588
20111103,1421000,1422000,1390000,1400000,578
20111102,1449000,1468000,1425000,1426000,651
20111101,1479000,1485000,1451000,1461000,669
20111031,1436000,1485000,1413000,1485000,694
20111028,1390000,1489000,1389000,1454000,802
20111027,1340000,1397000,1340000,1373000,595
20111026,1367000,1368000,1340000,1347000,317
20111025,1378000,1389000,1344000,1348000,367
20111024,1321000,1367000,1321000,1367000,626
20111021,1296000,1323000,1288000,1312000,383
20111020,1325000,1357000,1281000,1313000,800
20111019,1333000,1350000,1319000,1348000,397
20111018,1310000,1347000,1308000,1335000,584
20111017,1324000,1349000,1313000,1335000,561
20111014,1282000,1319000,1262000,1310000,949
20111013,1267000,1309000,1241000,1287000,1223
20111012,1254000,1254000,1221000,1240000,654
20111011,1214000,1249000,1207000,1243000,699
20111010,1207000,1238000,1202000,1202000,560
20111007,1200000,1236000,1200000,1211000,790
20111006,1192000,1235000,1192000,1197000,1029
20111005,1160000,1197000,1159000,1190000,1109
20111004,1180000,1198000,1166000,1182000,1261
20110930,1208000,1235000,1190000,1212000,931
20110929,1210000,1229000,1175000,1207000,1720
20110928,1249000,1255000,1216000,1219000,1189
20110927,1250000,1285000,1243000,1248000,1240
20110926,1335000,1335000,1235000,1241000,1222
20110923,1272000,1308000,1233000,1296000,1830
20110922,1310000,1346000,1291000,1333000,774
20110921,1349000,1383000,1333000,1340000,727
20110920,1348000,1368000,1303000,1349000,1272
20110919,1339000,1339000,1312000,1318000,668
20110916,1310000,1399000,1301000,1328000,2318
20110915,1256000,1298000,1253000,1291000,1183
20110914,1292000,1302000,1200000,1245000,1366
20110909,1306000,1329000,1292000,1298000,764
20110908,1290000,1331000,1285000,1330000,1607
20110907,1278000,1290000,1262000,1280000,1225
20110906,1300000,1300000,1242000,1250000,1327
20110905,1345000,1348000,1302000,1303000,786
20110902,1370000,1377000,1356000,1370000,770
20110901,1386000,1436000,1381000,1383000,1411
20110831,1410000,1420000,1372000,1399000,1058
20110830,1374000,1408000,1373000,1408000,1400
20110829,1360000,1389000,1340000,1374000,948
20110826,1351000,1368000,1337000,1340000,797
20110825,1344000,1392000,1344000,1354000,1046
20110824,1410000,1410000,1346000,1346000,1547
20110823,1414000,1449000,1362000,1409000,1678
20110822,1437000,1463000,1401000,1414000,889
20110819,1469000,1474000,1417000,1432000,980
20110818,1522000,1522000,1461000,1486000,1154
20110817,1464000,1545000,1458000,1529000,1014
20110816,1410000,1488000,1410000,1488000,1455
20110812,1392000,1458000,1377000,1394000,2155
20110811,1313000,1408000,1312000,1382000,1840
20110810,1420000,1483000,1373000,1382000,2905
20110809,1455000,1455000,1256000,1389000,2851
20110808,1598000,1598000,1456000,1466000,1848
20110805,1570000,1612000,1566000,1580000,1687
20110804,1629000,1636000,1608000,1618000,1188
20110803,1622000,1644000,1616000,1634000,1097
20110802,1705000,1705000,1647000,1647000,2110
20110801,1720000,1729000,1708000,1723000,948
20110729,1730000,1730000,1689000,1698000,527
20110728,1749000,1749000,1708000,1730000,1061
20110727,1739000,1753000,1718000,1753000,821
20110726,1715000,1739000,1715000,1739000,1742
20110725,1686000,1705000,1660000,1705000,970
20110722,1678000,1686000,1664000,1685000,937
20110721,1633000,1657000,1611000,1654000,936
20110720,1606000,1633000,1603000,1633000,1278
20110719,1636000,1669000,1604000,1605000,2762
20110718,1631000,1658000,1631000,1657000,808
20110715,1640000,1677000,1629000,1631000,1302
20110714,1654000,1663000,1623000,1660000,1783
20110713,1677000,1689000,1638000,1645000,1774
20110712,1704000,1719000,1670000,1680000,729
20110711,1770000,1770000,1688000,1713000,1504
20110708,1721000,1761000,1721000,1755000,617
20110707,1759000,1759000,1730000,1731000,1126
20110706,1752000,1779000,1742000,1751000,827
20110705,1749000,1780000,1731000,1751000,1036
20110704,1715000,1740000,1715000,1737000,786
20110701,1656000,1720000,1656000,1709000,2360
20110630,1678000,1704000,1650000,1650000,1675
20110629,1678000,1699000,1656000,1678000,1819
20110628,1638000,1710000,1638000,1650000,1743
20110627,1689000,1689000,1620000,1629000,1975
20110624,1699000,1725000,1687000,1689000,1342
20110623,1698000,1723000,1672000,1699000,1884
20110622,1703000,1728000,1677000,1690000,1501
20110621,1777000,1786000,1698000,1699000,1720
20110620,1797000,1797000,1748000,1770000,1056
20110617,1751000,1813000,1750000,1778000,2143
20110616,1779000,1798000,1742000,1765000,984
20110615,1713000,1785000,1711000,1778000,1789
20110614,1715000,1744000,1704000,1710000,1392
20110613,1746000,1759000,1714000,1715000,1337
20110610,1760000,1760000,1694000,1745000,1581
20110609,1790000,1830000,1665000,1725000,4778
20110608,1781000,1811000,1772000,1790000,1674
20110607,1824000,1834000,1770000,1773000,1234
20110603,1857000,1870000,1802000,1802000,2111
20110602,1816000,1849000,1814000,1834000,2265
20110601,1850000,1864000,1790000,1858000,2339
20110531,1778000,1847000,1778000,1824000,2805
20110530,1672000,1800000,1640000,1774000,2206
20110527,1653000,1699000,1642000,1673000,1726
20110526,1590000,1675000,1590000,1653000,1566
20110525,1567000,1643000,1540000,1590000,2597
20110524,1564000,1573000,1541000,1557000,1667
20110523,1560000,1567000,1546000,1564000,2466
20110520,1520000,1545000,1464000,1540000,2046
20110519,1499000,1600000,1465000,1526000,4064
20110518,1390000,1419000,1384000,1397000,1265
20110517,1325000,1408000,1325000,1397000,2086
20110516,1346000,1346000,1306000,1322000,1878
20110513,1388000,1389000,1327000,1341000,2614
20110512,1427000,1427000,1360000,1388000,2813
20110511,1432000,1465000,1420000,1428000,1521
20110509,1448000,1467000,1427000,1427000,1083
20110506,1512000,1523000,1436000,1452000,1989
20110504,1472000,1525000,1472000,1512000,815
20110503,1492000,1519000,1482000,1482000,931
20110502,1503000,1519000,1484000,1490000,1671
20110429,1504000,1527000,1495000,1517000,1550
20110428,1586000,1596000,1515000,1519000,2260
20110427,1615000,1693000,1588000,1601000,3042
20110426,1611000,1625000,1567000,1619000,1595
20110425,1532000,1611000,1528000,1609000,1669
20110422,1527000,1550000,1431000,1543000,1054
20110421,1484000,1545000,1478000,1531000,2252
20110420,1453000,1495000,1435000,1485000,1225
20110419,1467000,1500000,1446000,1446000,1107
20110418,1459000,1493000,1432000,1479000,1907
20110415,1390000,1484000,1388000,1460000,3338
20110414,1323000,1395000,1317000,1395000,2218
20110413,1301000,1345000,1293000,1335000,1111
20110412,1331000,1355000,1307000,1308000,1456
20110411,1272000,1359000,1269000,1331000,1984
20110408,1294000,1307000,1277000,1278000,739
20110407,1297000,1313000,1283000,1293000,1017
20110406,1304000,1334000,1300000,1304000,952
20110405,1292000,1311000,1281000,1308000,663
20110404,1319000,1355000,1292000,1300000,919
20110401,1284000,1343000,1284000,1332000,1121
20110331,1268000,1310000,1259000,1300000,1030
20110330,1277000,1277000,1248000,1277000,1121
20110329,1254000,1275000,1246000,1269000,562
20110328,1275000,1277000,1246000,1253000,1040
20110325,1308000,1326000,1285000,1285000,901
20110324,1265000,1313000,1256000,1313000,1301
20110323,1211000,1329000,1211000,1262000,2387
20110322,1192000,1219000,1180000,1219000,1215
20110321,1182000,1207000,1179000,1191000,528
20110318,1182000,1198000,1164000,1198000,2509
20110317,1195000,1216000,1178000,1179000,641
20110316,1179000,1210000,1176000,1196000,943
20110315,1207000,1221000,1170000,1173000,1175
20110314,1203000,1212000,1180000,1209000,1116
20110311,1249000,1249000,1206000,1228000,746
20110310,1284000,1284000,1237000,1237000,958
20110309,1240000,1274000,1235000,1261000,806
20110308,1180000,1251000,1180000,1240000,594
20110307,1238000,1258000,1222000,1234000,673
20110304,1230000,1254000,1208000,1242000,815
20110303,1177000,1224000,1164000,1224000,1158
20110302,1160000,1180000,1160000,1180000,849
20110228,1210000,1210000,1160000,1165000,1404
20110225,1227000,1235000,1209000,1210000,839
20110224,1269000,1269000,1219000,1232000,1063
20110223,1290000,1290000,1258000,1258000,824
20110222,1272000,1280000,1242000,1280000,725
20110221,1254000,1279000,1228000,1272000,965
20110218,1248000,1268000,1243000,1254000,675
20110217,1265000,1279000,1235000,1248000,1772
20110216,1233000,1258000,1223000,1249000,1258
20110215,1255000,1255000,1215000,1233000,1804
20110214,1243000,1260000,1241000,1256000,544
20110211,1298000,1298000,1229000,1256000,2699
20110210,1336000,1336000,1283000,1283000,1295
20110209,1332000,1336000,1308000,1308000,523
20110208,1334000,1348000,1319000,1321000,741
20110207,1379000,1393000,1332000,1333000,601
20110201,1416000,1470000,1359000,1360000,1728
20110131,1297000,1400000,1295000,1383000,1460
20110128,1344000,1358000,1287000,1323000,1232
20110127,1357000,1373000,1344000,1344000,1916
20110126,1362000,1380000,1353000,1365000,456
20110125,1321000,1394000,1320000,1370000,1481
20110124,1333000,1358000,1330000,1335000,873
20110121,1345000,1390000,1345000,1345000,958
20110120,1379000,1390000,1351000,1361000,771
20110119,1432000,1432000,1379000,1379000,1336
20110118,1301000,1477000,1300000,1421000,3191
20110117,1270000,1329000,1262000,1309000,1298
20110114,1308000,1313000,1263000,1270000,2183
20110113,1357000,1357000,1305000,1305000,2104
20110112,1376000,1376000,1352000,1369000,789
20110111,1361000,1376000,1353000,1376000,842
20110110,1353000,1380000,1337000,1361000,1375
20110107,1360000,1371000,1340000,1353000,1310
20110106,1311000,1340000,1311000,1340000,1512
20110105,1275000,1314000,1270000,1309000,1585
20110104,1260000,1285000,1260000,1271000,880
20110103,1300000,1339000,1266000,1266000,1298
20101230,1240000,1284000,1232000,1262000,2253
20101229,1240000,1263000,1208000,1240000,3174
20101228,1286000,1286000,1236000,1240000,1938
20101227,1255000,1290000,1247000,1278000,24358
20101224,1272000,1291000,1267000,1276000,1038
20101223,1329000,1329000,1284000,1286000,1343
20101222,1332000,1336000,1307000,1316000,1037
20101221,1349000,1354000,1323000,1329000,1594
20101220,1359000,1360000,1309000,1334000,972
20101217,1341000,1360000,1337000,1360000,1416
20101216,1362000,1371000,1357000,1358000,583
20101215,1364000,1382000,1344000,1382000,856
20101214,1369000,1383000,1363000,1364000,1248
20101213,1375000,1375000,1327000,1375000,1157
20101210,1327000,1358000,1310000,1345000,1197
20101209,1305000,1339000,1305000,1328000,1571
20101208,1323000,1323000,1305000,1308000,1588
20101207,1382000,1382000,1322000,1323000,2456
20101206,1380000,1418000,1359000,1366000,1225
20101203,1390000,1418000,1367000,1380000,2039
20101202,1434000,1448000,1378000,1386000,2575
20101201,1430000,1435000,1401000,1427000,787
20101130,1460000,1460000,1393000,1425000,1356
20101129,1364000,1465000,1354000,1425000,3340
20101126,1402000,1422000,1360000,1363000,1673
20101125,1406000,1427000,1386000,1400000,1469
20101124,1351000,1414000,1350000,1402000,2158
20101123,1420000,1459000,1389000,1410000,3055
20101122,1452000,1491000,1410000,1420000,3786
20101119,1542000,1560000,1462000,1466000,5722
20101118,1380000,1541000,1359000,1541000,7008
20101117,1329000,1342000,1300000,1340000,1636
20101116,1270000,1320000,1270000,1318000,3312
20101115,1282000,1297000,1238000,1255000,1807
20101112,1310000,1335000,1265000,1290000,1873
20101111,1350000,1357000,1284000,1284000,2677
20101110,1328000,1350000,1311000,1350000,1828
20101109,1230000,1340000,1221000,1322000,1957
20101108,1247000,1257000,1216000,1231000,1756
20101105,1287000,1293000,1242000,1243000,2467
20101104,1313000,1335000,1299000,1300000,1498
20101103,1300000,1315000,1285000,1310000,1157
20101102,1295000,1316000,1269000,1298000,1704
20101101,1287000,1340000,1280000,1292000,1690
20101029,1353000,1353000,1270000,1287000,2901
20101028,1400000,1430000,1350000,1360000,1378
20101027,1350000,1448000,1345000,1400000,3992
20101026,1302000,1359000,1282000,1338000,3506
20101025,1245000,1300000,1238000,1295000,2750
20101022,1155000,1250000,1155000,1245000,2071
20101021,1207000,1207000,1162000,1169000,955
20101020,1189000,1190000,1157000,1183000,744
20101019,1186000,1220000,1173000,1184000,2526
20101018,1159000,1215000,1150000,1185000,3482
20101015,1106000,1168000,1080000,1163000,2361
20101014,1142000,1177000,1103000,1122000,3995
20101013,1195000,1205000,1142000,1160000,1599
20101012,1229000,1230000,1185000,1192000,758
20101011,1200000,1220000,1184000,1220000,1318
20101008,1177000,1183000,1149000,1183000,1078
20101007,1174000,1185000,1160000,1183000,976
20101006,1217000,1229000,1168000,1180000,1686
20101005,1178000,1248000,1156000,1218000,1821
20101004,1171000,1187000,1166000,1166000,1109
20101001,1199000,1199000,1182000,1189000,1454
20100930,1220000,1220000,1176000,1191000,3462
20100929,1090000,1210000,1085000,1168000,2539
20100928,1072000,1095000,1070000,1092000,2214
20100927,1023000,1075000,1023000,1065000,1375
20100924,987000,1028000,987000,1023000,955
20100920,1013000,1026000,999000,999000,1184
20100917,1035000,1051000,1024000,1029000,632
20100916,1033000,1076000,1032000,1033000,1302
20100915,1019000,1078000,1019000,1032000,1291
20100914,1070000,1070000,1015000,1022000,1129
20100913,992000,1050000,992000,1043000,1566
20100910,930000,991000,930000,991000,2237
20100909,971000,985000,929000,930000,2541
20100908,969000,980000,959000,972000,2228
20100907,940000,950000,933000,950000,288
20100906,976000,976000,947000,950000,788
20100903,950000,972000,943000,969000,982
20100902,934000,968000,934000,950000,1187
20100901,923000,943000,918000,935000,1428
20100831,933000,938000,915000,923000,1323
20100830,926000,949000,914000,930000,1252
20100827,947000,947000,912000,925000,1414
20100826,942000,955000,933000,942000,1336
20100825,932000,962000,932000,936000,1357
20100824,955000,963000,931000,944000,2391
20100823,974000,1018000,941000,945000,3901
20100820,930000,950000,905000,939000,2541
20100819,903000,960000,861000,903000,7624
20100818,765000,860000,764000,860000,6795
20100817,719000,748000,715000,748000,3603
20100816,720000,720000,709000,711000,244
20100813,719000,719000,712000,717000,577
20100812,714000,725000,709000,720000,1114
20100811,719000,719000,711000,712000,612
20100810,726000,726000,716000,719000,341
20100809,721000,726000,715000,726000,335
20100806,710000,723000,710000,718000,279
20100805,720000,721000,714000,717000,510
20100804,726000,726000,716000,721000,741
20100803,730000,734000,721000,726000,617
20100802,728000,736000,728000,732000,471
20100730,730000,735000,726000,730000,430
20100729,733000,737000,726000,730000,318
20100728,738000,739000,727000,730000,426
20100727,730000,736000,730000,732000,607
20100726,736000,747000,732000,734000,294
20100723,739000,745000,736000,739000,192
20100722,742000,744000,735000,739000,506
20100721,746000,748000,736000,742000,576
20100720,748000,753000,742000,748000,341
20100719,756000,759000,747000,753000,479
20100716,745000,760000,742000,759000,949
20100715,750000,750000,736000,742000,704
20100714,748000,759000,748000,753000,415
20100713,736000,749000,735000,748000,1083
20100712,749000,750000,733000,740000,264
20100709,730000,741000,724000,739000,256
20100708,726000,742000,726000,732000,225
20100707,726000,728000,717000,727000,526
20100706,735000,735000,721000,730000,612
20100705,739000,748000,735000,735000,291
20100702,750000,750000,741000,742000,367
20100701,750000,770000,740000,758000,494
20100630,758000,762000,746000,747000,920
20100629,778000,778000,755000,762000,461
20100628,765000,770000,750000,768000,381
20100625,760000,770000,751000,765000,484
20100624,760000,765000,753000,760000,442
20100623,754000,759000,749000,756000,421
20100622,768000,768000,746000,747000,643
20100621,742000,761000,742000,760000,851
20100618,747000,751000,734000,741000,549
20100617,754000,754000,737000,746000,771
20100616,752000,753000,746000,753000,280
20100615,778000,778000,750000,751000,773
20100614,756000,770000,754000,769000,560
20100611,741000,756000,741000,754000,568
20100610,746000,755000,736000,748000,659
20100609,738000,746000,734000,746000,186
20100608,734000,740000,727000,740000,255
20100607,720000,734000,717000,734000,384
20100604,735000,737000,720000,732000,485
20100603,730000,739000,721000,737000,354
20100601,717000,730000,713000,730000,362
20100531,720000,728000,717000,720000,280
20100528,717000,720000,706000,720000,739
20100527,720000,726000,701000,717000,750
20100526,727000,736000,709000,720000,805
20100525,757000,757000,722000,723000,582
20100524,757000,766000,746000,766000,340
20100520,773000,774000,750000,769000,671
20100519,769000,771000,751000,768000,546
20100518,773000,778000,765000,778000,904
20100517,771000,773000,756000,765000,558
20100514,764000,784000,756000,783000,838
20100513,781000,783000,763000,765000,445
20100512,776000,781000,772000,781000,612
20100511,771000,778000,765000,775000,345
20100510,764000,778000,764000,776000,442
20100507,773000,782000,740000,769000,1307
20100506,768000,782000,753000,779000,833
20100504,763000,770000,745000,768000,396
20100503,751000,763000,745000,763000,524
20100430,748000,752000,741000,751000,591
20100429,765000,765000,745000,751000,393
20100428,764000,764000,745000,757000,838
20100427,741000,765000,735000,765000,630
20100426,730000,753000,730000,747000,505
20100423,735000,736000,723000,736000,206
20100422,733000,741000,731000,732000,342
20100421,717000,740000,717000,740000,613
20100420,716000,729000,716000,728000,255
20100419,732000,732000,720000,727000,344
20100416,735000,735000,723000,725000,136
20100415,717000,729000,716000,729000,1063
20100414,726000,726000,710000,719000,572
20100413,725000,727000,710000,717000,1024
20100412,742000,750000,730000,730000,1903
20100409,745000,761000,739000,744000,1479
20100408,765000,766000,746000,753000,2561
20100407,736000,766000,736000,760000,3667
20100406,737000,737000,722000,729000,790
20100405,750000,750000,715000,720000,521
20100402,732000,737000,711000,712000,1755
20100401,716000,745000,716000,740000,1345
20100331,710000,720000,706000,716000,704
20100330,741000,743000,702000,706000,794
20100329,747000,747000,740000,742000,332
20100326,740000,749000,731000,744000,485
20100325,744000,751000,740000,747000,436
20100324,750000,750000,743000,744000,244
20100323,749000,759000,743000,743000,601
20100322,760000,760000,743000,746000,1202
20100319,737000,750000,736000,745000,720
20100318,737000,756000,737000,737000,1432
20100317,724000,747000,724000,737000,1849
20100316,720000,724000,700000,717000,618
20100315,719000,724000,719000,719000,667
20100312,715000,722000,714000,719000,1692
20100311,701000,717000,701000,710000,2754
20100310,698000,700000,689000,699000,1863
20100309,688000,694000,688000,690000,3710
20100308,698000,698000,686000,688000,470
20100305,690000,691000,680000,682000,382
20100304,699000,699000,682000,682000,220
20100303,689000,689000,680000,687000,728
20100302,659000,678000,659000,678000,442
20100226,645000,659000,645000,659000,209
20100225,653000,658000,650000,653000,390
20100224,647000,655000,647000,653000,449
20100223,645000,657000,645000,653000,193
20100222,649000,658000,645000,652000,392
20100219,647000,647000,639000,642000,479
20100218,640000,652000,638000,640000,774
20100217,627000,643000,627000,633000,430
20100216,620000,628000,617000,626000,257
20100212,650000,650000,621000,621000,1267
20100211,620000,644000,620000,636000,385
20100210,640000,641000,621000,623000,750
20100209,640000,640000,633000,634000,292
20100208,647000,652000,640000,640000,200
20100205,664000,664000,651000,651000,349
20100204,675000,675000,661000,662000,576
20100203,675000,676000,670000,670000,343
20100202,680000,699000,673000,675000,503
20100201,681000,690000,680000,681000,227
20100129,686000,688000,682000,685000,298
20100128,699000,699000,684000,686000,330
20100127,688000,691000,681000,686000,306
20100126,691000,691000,680000,688000,405
20100125,681000,700000,679000,690000,422
20100122,705000,706000,685000,686000,723
20100121,707000,708000,700000,701000,340
20100120,695000,707000,692000,707000,639
20100119,694000,694000,686000,689000,296
20100118,696000,700000,681000,694000,490
20100115,700000,703000,697000,697000,228
20100114,701000,704000,696000,700000,710
20100113,702000,714000,701000,701000,204
20100112,711000,715000,702000,704000,393
20100111,716000,719000,711000,711000,570
20100108,715000,723000,715000,719000,384
20100107,715000,720000,712000,718000,466
20100106,718000,720000,706000,716000,423
20100105,720000,725000,710000,717000,3213
20100104,731000,731000,717000,721000,216
20091230,718000,730000,717000,730000,291
20091229,722000,725000,715000,723000,216
20091228,722000,729000,720000,727000,672
20091224,710000,724000,710000,723000,430
20091223,715000,715000,708000,709000,271
20091222,709000,721000,709000,716000,277
20091221,712000,717000,707000,709000,381
20091218,731000,731000,711000,711000,566
20091217,730000,730000,718000,725000,334
20091216,718000,728000,718000,726000,1061
20091215,713000,718000,708000,718000,265
20091214,710000,719000,706000,711000,723
20091211,708000,714000,701000,705000,1360
20091210,732000,733000,701000,701000,1442
20091209,729000,734000,725000,725000,604
20091208,726000,730000,720000,726000,225
20091207,720000,732000,720000,726000,288
20091204,723000,727000,714000,720000,318
20091203,697000,717000,697000,717000,243
20091202,686000,698000,686000,697000,306
20091201,691000,698000,681000,697000,285
20091130,683000,699000,682000,691000,441
20091127,708000,718000,681000,681000,692
20091126,717000,721000,710000,711000,191
20091125,709000,719000,708000,715000,144
20091124,714000,715000,708000,715000,412
20091123,716000,723000,707000,713000,629
20091120,734000,734000,716000,716000,453
20091119,721000,728000,714000,724000,224
20091118,717000,726000,717000,726000,287
20091117,728000,729000,718000,719000,256
20091116,736000,736000,724000,727000,159
20091113,717000,737000,717000,734000,335
20091112,720000,729000,718000,721000,303
20091111,729000,729000,710000,725000,249
20091110,716000,724000,709000,709000,329
20091109,733000,733000,715000,715000,372
20091106,716000,731000,716000,721000,163
20091105,703000,715000,703000,715000,438
20091104,705000,710000,697000,702000,393
20091103,736000,736000,703000,705000,884
20091102,747000,750000,730000,730000,439
20091030,767000,767000,748000,748000,330
20091029,764000,764000,743000,758000,366
20091028,777000,780000,757000,757000,473
20091027,791000,792000,771000,776000,783
20091026,801000,810000,798000,801000,380
20091023,805000,811000,805000,805000,324
20091022,822000,824000,805000,813000,246
20091021,829000,837000,818000,818000,403
20091020,819000,827000,813000,824000,219
20091019,819000,829000,803000,818000,355
20091016,813000,835000,813000,818000,371
20091015,810000,823000,810000,820000,303
20091014,819000,828000,810000,810000,535
20091013,826000,833000,810000,810000,475
20091012,836000,849000,827000,827000,295
20091009,854000,857000,835000,836000,469
20091008,843000,854000,835000,854000,606
20091007,824000,846000,823000,843000,391
20091006,872000,872000,809000,826000,713
20091005,861000,861000,845000,845000,440
20091001,873000,880000,856000,861000,484
20090930,866000,879000,863000,873000,503
20090929,850000,873000,850000,868000,683
20090928,860000,860000,840000,850000,624
20090925,845000,859000,837000,849000,710
20090924,848000,850000,835000,844000,615
20090923,850000,859000,837000,848000,958
20090922,832000,852000,832000,840000,972
20090921,787000,870000,778000,839000,3387
20090918,762000,777000,757000,777000,1691
20090917,784000,784000,762000,766000,676
20090916,759000,770000,758000,769000,627
20090915,771000,774000,759000,763000,513
20090914,761000,774000,761000,770000,615
20090911,748000,777000,735000,768000,2177
20090910,737000,750000,719000,750000,1865
20090909,736000,748000,731000,731000,884
20090908,758000,772000,748000,748000,419
20090907,768000,780000,755000,755000,759
20090904,768000,775000,765000,768000,444
20090903,763000,774000,763000,770000,365
20090902,773000,775000,757000,766000,686
20090901,777000,788000,767000,767000,1118
20090831,790000,797000,775000,775000,1009
20090828,800000,804000,785000,800000,1298
20090827,798000,805000,786000,805000,669
20090826,797000,798000,778000,798000,579
20090825,771000,786000,766000,786000,814
20090824,799000,818000,773000,774000,1516
20090821,780000,795000,774000,794000,980
20090820,763000,788000,763000,788000,1144
20090819,765000,777000,765000,777000,1305
20090818,743000,769000,743000,765000,858
20090817,778000,783000,748000,750000,1075
20090814,789000,789000,776000,777000,557
20090813,793000,793000,777000,777000,857
20090812,790000,790000,773000,784000,952
20090811,764000,785000,763000,780000,1484
20090810,785000,795000,762000,762000,1161
20090807,737000,769000,737000,767000,1174
20090806,731000,750000,731000,735000,854
20090805,765000,778000,734000,734000,1882
20090804,800000,806000,745000,762000,2145
20090803,726000,780000,726000,773000,2282
20090731,682000,710000,676000,710000,1719
20090730,687000,694000,674000,675000,889
20090729,675000,699000,675000,685000,854
20090728,675000,689000,671000,678000,1378
20090727,684000,684000,673000,675000,2277
20090724,662000,681000,662000,673000,1701
20090723,666000,670000,662000,662000,880
20090722,659000,665000,655000,664000,673
20090721,652000,662000,649000,659000,1560
20090720,645000,650000,644000,650000,685
20090717,643000,649000,640000,644000,531
20090716,641000,649000,638000,640000,634
20090715,640000,645000,640000,640000,537
20090714,641000,645000,638000,640000,670
20090713,649000,651000,638000,639000,646
20090710,648000,650000,642000,648000,388
20090709,650000,651000,645000,649000,680
20090708,643000,649000,642000,649000,448
20090707,652000,655000,644000,645000,591
20090706,648000,652000,643000,652000,292
20090703,645000,653000,644000,653000,286
20090702,647000,654000,643000,654000,655
20090701,641000,654000,641000,650000,850
20090630,640000,651000,639000,642000,1014
20090629,633000,641000,633000,640000,688
20090626,641000,647000,632000,634000,1321
20090625,638000,654000,632000,639000,1390
20090624,649000,650000,634000,637000,1270
20090623,655000,657000,640000,645000,1404
20090622,663000,665000,658000,661000,466
20090619,674000,674000,656000,663000,689
20090618,668000,670000,660000,662000,777
20090617,670000,674000,667000,668000,398
20090616,668000,678000,667000,670000,521
20090615,690000,690000,675000,676000,1336
20090612,698000,698000,680000,691000,555
20090611,689000,705000,675000,683000,2631
20090610,656000,687000,656000,682000,1618
20090609,670000,675000,656000,662000,1073
20090608,670000,674000,660000,665000,1295
20090605,669000,675000,663000,675000,1343
20090604,691000,691000,670000,670000,903
20090603,676000,696000,666000,692000,1556
20090602,664000,670000,663000,665000,1055
20090601,660000,670000,657000,661000,666
20090529,670000,670000,659000,660000,1870
20090528,655000,677000,655000,670000,1232
20090527,667000,675000,661000,661000,955
20090526,679000,680000,666000,667000,1557
20090525,679000,686000,645000,675000,2036
20090522,676000,704000,675000,677000,1814
20090521,685000,690000,672000,675000,987
20090520,697000,697000,682000,689000,1114
20090519,678000,690000,670000,690000,15788
20090518,700000,700000,671000,674000,1649
20090515,717000,717000,691000,699000,1701
20090514,705000,709000,687000,698000,1869
20090513,717000,717000,690000,710000,2177
20090512,681000,715000,676000,705000,2381
20090511,657000,686000,651000,681000,3148
20090508,648000,657000,642000,656000,2311
20090507,639000,644000,639000,644000,2204
20090506,641000,646000,637000,640000,2092
20090504,645000,648000,640000,640000,1836
20090430,658000,666000,637000,642000,3904
20090429,644000,662000,642000,656000,1072
20090428,660000,662000,640000,642000,1536
20090427,660000,671000,652000,655000,1159
20090424,657000,664000,647000,656000,1991
20090423,659000,662000,650000,651000,1325
20090422,677000,677000,652000,654000,1628
20090421,647000,667000,644000,663000,1605
20090420,672000,681000,652000,656000,1555
20090417,679000,694000,668000,672000,1389
20090416,681000,695000,676000,677000,1341
20090415,687000,692000,670000,675000,1536
20090414,714000,726000,685000,691000,1220
20090413,735000,749000,710000,714000,2095
20090410,651000,710000,651000,706000,3975
20090409,640000,663000,635000,650000,1535
20090408,649000,651000,636000,636000,1895
20090407,659000,665000,650000,651000,1479
20090406,640000,665000,640000,652000,2167
20090403,644000,647000,636000,639000,2019
20090402,642000,649000,637000,642000,1818
20090401,627000,649000,627000,642000,2070
20090331,626000,647000,626000,637000,1544
20090330,655000,655000,630000,630000,1434
20090327,647000,657000,641000,650000,1467
20090326,641000,650000,627000,648000,1310
20090325,664000,665000,639000,641000,1436
20090324,659000,665000,642000,661000,1912
20090323,641000,666000,641000,655000,1416
20090320,638000,653000,636000,645000,1860
20090319,634000,641000,629000,635000,2024
20090318,643000,647000,628000,630000,2134
20090317,607000,649000,605000,635000,2931
20090316,600000,607000,598000,605000,3229
20090313,606000,608000,595000,599000,3704
20090312,616000,617000,596000,605000,5508
20090311,632000,637000,609000,611000,3729
20090310,620000,625000,607000,611000,2748
20090309,632000,648000,619000,631000,898
20090306,620000,637000,620000,630000,737
20090305,630000,648000,625000,637000,938
20090304,626000,640000,608000,630000,1801
20090303,594000,637000,593000,626000,38983
20090302,680000,680000,625000,633000,1261
20090227,719000,719000,686000,690000,793
20090226,700000,735000,700000,701000,938
20090225,695000,709000,678000,696000,610
20090224,697000,697000,680000,680000,647
20090223,694000,719000,680000,708000,721
20090220,714000,725000,700000,702000,1011
20090219,757000,757000,708000,714000,2326
20090218,776000,781000,755000,755000,1607
20090217,834000,834000,804000,804000,1017
20090216,839000,854000,837000,839000,447
20090213,849000,865000,830000,850000,774
20090212,856000,856000,824000,855000,1809
20090211,895000,895000,855000,855000,557
20090210,898000,908000,882000,900000,464
20090209,873000,893000,873000,890000,457
20090206,862000,884000,861000,879000,711
20090205,856000,879000,855000,858000,423
20090204,875000,906000,860000,860000,1082
20090203,864000,900000,850000,866000,1005
20090202,903000,907000,857000,863000,651
20090130,955000,955000,911000,911000,313
20090129,960000,988000,931000,939000,499
20090128,867000,988000,867000,988000,1028
20090123,852000,870000,830000,869000,466
20090122,840000,864000,821000,864000,487
20090121,834000,847000,811000,839000,472
20090120,872000,873000,840000,843000,421
20090119,877000,891000,872000,872000,436
20090116,870000,892000,870000,875000,633
20090115,908000,908000,870000,870000,871
20090114,943000,943000,918000,918000,776
20090113,951000,964000,932000,932000,941
20090112,967000,973000,960000,961000,354
20090109,962000,990000,961000,967000,508
20090108,1001000,1010000,960000,960000,892
20090107,988000,1000000,975000,993000,662
20090106,994000,1024000,986000,986000,734
20090105,994000,1001000,985000,985000,575
20090102,1030000,1069000,992000,1001000,501
20081230,966000,1138000,966000,1027000,1170
20081229,920000,990000,920000,990000,744
20081226,983000,983000,947000,960000,680
20081224,997000,998000,968000,968000,552
20081223,1020000,1020000,974000,985000,401
20081222,1007000,1018000,982000,982000,622
20081219,1017000,1017000,992000,1014000,1654
20081218,997000,1008000,985000,1008000,636
20081217,991000,1007000,960000,999000,1336
20081216,1010000,1010000,975000,980000,1327
20081215,1021000,1039000,1004000,1004000,730
20081212,1037000,1040000,975000,995000,1073
20081211,1043000,1052000,1022000,1034000,2073
20081210,1087000,1087000,1045000,1052000,885
20081209,1061000,1075000,1023000,1043000,713
20081208,1001000,1119000,984000,1055000,1061
20081205,1038000,1045000,1000000,1000000,856
20081204,1002000,1013000,982000,1010000,633
20081203,1045000,1048000,982000,1016000,1319
20081202,1160000,1162000,1041000,1041000,743
20081201,1127000,1165000,1083000,1165000,920
20081128,1021000,1150000,1015000,1148000,1732
20081127,998000,1038000,973000,1032000,909
20081126,971000,1020000,961000,968000,974
20081125,955000,1000000,938000,980000,1010
20081124,970000,980000,930000,938000,936
20081121,999000,1000000,894000,980000,758
20081120,993000,993000,956000,979000,20098
20081119,992000,999000,956000,980000,1037
20081118,1000000,1050000,980000,1021000,1029
20081117,970000,1058000,970000,1030000,1017
20081114,1036000,1075000,1003000,1050000,802
20081113,1033000,1033000,973000,1033000,907
20081112,1000000,1034000,970000,1033000,927
20081111,1010000,1016000,953000,985000,715
20081110,955000,1007000,940000,996000,765
20081107,959000,980000,851000,933000,1284
20081106,997000,1000000,917000,965000,849
20081105,1021000,1070000,905000,1004000,1256
20081104,948000,1053000,932000,1010000,1415
20081103,807000,917000,807000,917000,955
20081031,698000,798000,680000,798000,1755
20081030,634000,694000,627000,694000,902
20081029,733000,755000,603000,605000,1417
20081028,594000,713000,555000,699000,2152
20081027,780000,783000,641000,645000,1454
20081024,897000,897000,753000,753000,997
20081023,957000,1020000,875000,875000,1661
20081022,1136000,1152000,1019000,1019000,1249
20081021,1117000,1140000,1070000,1124000,950
20081020,1198000,1200000,1117000,1117000,1161
20081017,1108000,1199000,1041000,1165000,1743
20081016,1262000,1262000,1125000,1125000,912
20081015,1180000,1224000,1157000,1220000,890
20081014,1202000,1249000,1163000,1191000,753
20081013,1089000,1198000,1034000,1198000,1107
20081010,1018000,1067000,872000,1067000,1711
20081009,987000,1020000,959000,1020000,5086
20081008,1031000,1058000,977000,977000,695
20081007,1073000,1100000,1036000,1054000,877
20081006,1030000,1060000,990000,1059000,529
20081002,995000,1059000,995000,1059000,784
20081001,963000,987000,951000,987000,649
20080930,990000,1010000,942000,962000,874
20080929,1005000,1060000,957000,990000,1146
20080926,1010000,1024000,993000,1005000,570
20080925,1062000,1062000,973000,1021000,796
20080924,953000,1069000,953000,1050000,1589
20080923,963000,998000,953000,967000,739
20080922,993000,1000000,954000,983000,619
20080919,882000,994000,880000,994000,1672
20080918,886000,890000,865000,879000,470
20080917,858000,890000,858000,885000,504
20080916,853000,878000,852000,870000,804
20080912,851000,876000,851000,865000,2172
20080911,876000,900000,844000,844000,1868
20080910,873000,897000,865000,897000,588
20080909,887000,896000,860000,874000,1092
20080908,891000,909000,885000,888000,2836
20080905,914000,915000,885000,891000,715
20080904,921000,922000,897000,903000,679
20080903,984000,984000,933000,936000,1422
20080902,984000,984000,966000,966000,629
20080901,965000,974000,950000,972000,684
20080829,936000,980000,936000,950000,595
20080828,974000,974000,931000,950000,361
20080827,949000,960000,940000,953000,561
20080826,954000,959000,936000,949000,450
20080825,968000,968000,940000,940000,458
20080822,933000,949000,919000,944000,280
20080821,930000,942000,912000,933000,377
20080820,930000,957000,923000,923000,466
20080819,955000,955000,916000,923000,218
20080818,989000,989000,950000,950000,410
20080814,953000,976000,942000,976000,660
20080813,972000,990000,946000,953000,384
20080812,999000,1004000,977000,983000,314
20080811,975000,1010000,966000,1000000,333
20080808,1009000,1009000,965000,980000,403
20080807,1019000,1050000,990000,995000,531
20080806,1017000,1040000,1010000,1018000,452
20080805,965000,1040000,965000,1040000,648
20080804,995000,996000,959000,959000,264
20080801,992000,993000,961000,976000,249
20080731,970000,993000,970000,992000,402
20080730,935000,970000,922000,970000,414
20080729,969000,969000,930000,932000,442
20080728,955000,967000,932000,967000,416
20080725,942000,946000,930000,940000,384
20080724,922000,934000,912000,933000,695
20080723,933000,939000,910000,915000,542
20080722,928000,928000,907000,907000,600
20080721,853000,929000,853000,910000,836
20080718,872000,878000,866000,870000,240
20080717,878000,882000,866000,877000,417
20080716,906000,915000,875000,875000,1205
20080715,920000,923000,896000,896000,1045
20080714,911000,920000,900000,906000,519
20080711,925000,930000,910000,910000,638
20080710,943000,943000,916000,936000,1247
20080709,925000,943000,911000,929000,423
20080708,950000,950000,905000,925000,1190
20080707,920000,977000,919000,950000,706
20080704,928000,954000,910000,910000,335
20080703,923000,960000,923000,934000,891
20080702,955000,964000,943000,954000,556
20080701,948000,954000,926000,950000,390
20080630,967000,967000,944000,947000,352
20080627,935000,945000,910000,934000,499
20080626,924000,944000,915000,935000,305
20080625,949000,949000,939000,946000,260
20080624,915000,939000,901000,939000,561
20080623,945000,946000,915000,930000,504
20080620,902000,928000,898000,915000,385
20080619,948000,949000,895000,902000,440
20080618,919000,980000,914000,925000,554
20080617,922000,922000,895000,913000,593
20080616,900000,912000,893000,910000,447
20080613,883000,919000,876000,913000,512
20080612,920000,920000,874000,880000,1314
20080611,871000,923000,871000,920000,1055
20080610,867000,890000,867000,880000,780
20080609,885000,885000,867000,867000,364
20080605,891000,902000,883000,884000,443
20080604,899000,920000,895000,909000,453
20080603,893000,907000,884000,899000,317
20080602,898000,914000,880000,894000,515
20080530,892000,918000,883000,912000,431
20080529,871000,900000,871000,900000,680
20080528,873000,880000,868000,875000,397
20080527,869000,884000,868000,884000,248
20080526,868000,884000,866000,884000,446
20080523,866000,879000,851000,862000,401
20080522,883000,883000,857000,865000,434
20080521,880000,895000,871000,883000,625
20080520,870000,886000,870000,878000,478
20080519,867000,884000,866000,871000,912
20080516,880000,891000,872000,877000,1376
20080515,881000,889000,878000,880000,953
20080514,919000,920000,880000,889000,1286
20080513,895000,919000,887000,918000,394
20080509,916000,917000,898000,903000,762
20080508,920000,938000,912000,912000,682
20080507,913000,938000,910000,920000,572
20080506,916000,922000,904000,919000,248
20080502,918000,918000,902000,915000,377
20080430,906000,935000,904000,904000,267
20080429,914000,924000,904000,912000,267
20080428,928000,949000,916000,920000,266
20080425,926000,949000,926000,940000,407
20080424,943000,947000,913000,926000,494
20080423,930000,970000,930000,940000,503
20080422,917000,967000,917000,933000,630
20080421,980000,982000,934000,935000,726
20080418,897000,1020000,889000,1020000,646
20080417,881000,897000,881000,897000,183
20080416,882000,888000,874000,888000,524
20080415,872000,875000,863000,870000,547
20080414,881000,882000,863000,882000,813
20080411,881000,893000,879000,890000,317
20080410,886000,892000,863000,892000,765
20080408,885000,910000,878000,880000,716
20080407,876000,899000,863000,899000,446
20080404,884000,884000,868000,871000,534
20080403,890000,891000,872000,882000,749
20080402,886000,902000,870000,886000,390
20080401,900000,903000,882000,882000,387
20080331,898000,901000,878000,900000,10554
20080328,874000,892000,861000,888000,6472
20080327,874000,889000,866000,867000,34341
20080326,880000,887000,865000,865000,227
20080325,891000,896000,880000,880000,287
20080324,882000,898000,882000,890000,212
20080321,882000,898000,880000,890000,244
20080320,910000,916000,880000,880000,333
20080319,914000,929000,900000,910000,366
20080318,910000,914000,890000,910000,495
20080317,918000,948000,875000,900000,1095
20080314,951000,971000,805000,920000,1160
20080313,972000,1010000,946000,946000,819
20080312,981000,997000,957000,997000,377
20080311,987000,987000,946000,985000,378
20080310,972000,980000,955000,974000,420
20080307,1017000,1017000,966000,968000,391
20080306,970000,1010000,970000,1009000,383
20080305,970000,978000,962000,965000,179
20080304,964000,975000,958000,966000,174
20080303,1010000,1010000,952000,952000,368
20080229,980000,1010000,971000,1010000,567
20080228,992000,1005000,978000,988000,234
20080227,990000,1016000,990000,991000,234
20080226,1005000,1009000,984000,987000,140
20080225,1009000,1012000,997000,1009000,228
20080222,1020000,1020000,983000,984000,264
20080221,1007000,1023000,1005000,1010000,332
20080220,1023000,1038000,1003000,1006000,455
20080219,1046000,1050000,1029000,1049000,358
20080218,1029000,1060000,1002000,1020000,467
20080215,1032000,1032000,986000,1030000,389
20080214,978000,1039000,964000,1039000,580
20080213,1009000,1009000,966000,978000,240
20080212,996000,996000,973000,980000,324
20080211,1042000,1042000,981000,998000,444
20080205,1049000,1063000,1026000,1034000,227
20080204,965000,1030000,965000,1028000,371
20080201,993000,1000000,972000,972000,495
20080131,990000,1029000,964000,1029000,806
20080130,984000,986000,932000,986000,560
20080129,925000,989000,915000,987000,467
20080128,958000,958000,927000,930000,247
20080125,943000,947000,921000,945000,375
20080124,928000,953000,919000,923000,752
20080123,959000,970000,901000,916000,814
20080122,960000,970000,930000,935000,793
20080121,1049000,1049000,963000,978000,996
20080118,1021000,1053000,990000,1027000,589
20080117,1103000,1106000,1016000,1016000,731
20080116,1067000,1100000,1012000,1064000,568
20080115,1054000,1075000,1034000,1061000,425
20080114,1050000,1089000,1050000,1063000,520
20080111,1082000,1089000,1041000,1041000,590
20080110,1100000,1110000,1081000,1082000,878
20080109,1112000,1112000,1070000,1099000,335
20080108,1115000,1137000,1103000,1113000,456
20080107,1120000,1125000,1075000,1110000,598
20080104,1104000,1159000,1096000,1125000,756
20080103,1116000,1124000,1107000,1112000,476
20080102,1185000,1200000,1103000,1115000,605
20071228,1199000,1250000,1188000,1240000,447
20071227,1226000,1247000,1215000,1218000,142
20071226,1230000,1249000,1189000,1248000,233
20071224,1173000,1234000,1173000,1232000,325
20071221,1101000,1188000,1101000,1188000,707
20071220,1150000,1150000,1110000,1133000,538
20071218,1129000,1139000,1086000,1135000,618
20071217,1067000,1115000,1064000,1114000,819
20071214,1083000,1137000,1083000,1084000,911
20071213,1142000,1142000,1081000,1083000,2701
20071212,1170000,1182000,1134000,1147000,969
20071211,1208000,1228000,1170000,1170000,986
20071210,1200000,1238000,1200000,1201000,1082
20071207,1250000,1262000,1220000,1220000,669
20071206,1252000,1286000,1248000,1250000,1416
20071205,1281000,1281000,1240000,1260000,1218
20071204,1304000,1318000,1288000,1299000,277
20071203,1389000,1390000,1290000,1304000,687
20071130,1284000,1390000,1283000,1390000,2061
20071129,1263000,1337000,1263000,1300000,1182
20071128,1302000,1315000,1250000,1253000,747
20071127,1244000,1300000,1168000,1289000,1213
20071126,1245000,1297000,1235000,1241000,1108
20071123,1276000,1337000,1265000,1265000,1335
20071122,1265000,1330000,1265000,1290000,1125
20071121,1352000,1353000,1278000,1313000,1507
20071120,1360000,1395000,1317000,1386000,947
20071119,1345000,1379000,1321000,1364000,940
20071116,1401000,1453000,1340000,1340000,805
20071115,1449000,1499000,1422000,1425000,862
20071114,1360000,1420000,1353000,1420000,917
20071113,1358000,1429000,1342000,1353000,1306
20071112,1352000,1361000,1297000,1361000,627
20071109,1291000,1430000,1269000,1385000,1879
20071108,1377000,1377000,1275000,1275000,1629
20071107,1322000,1385000,1322000,1365000,639
20071106,1289000,1350000,1283000,1350000,505
20071105,1325000,1325000,1271000,1289000,1350
20071102,1392000,1392000,1325000,1325000,669
20071101,1415000,1467000,1374000,1374000,741
20071031,1459000,1482000,1400000,1420000,1859
20071030,1478000,1478000,1441000,1448000,1764
20071029,1450000,1485000,1434000,1478000,525
20071026,1364000,1470000,1364000,1469000,772
20071025,1319000,1429000,1319000,1427000,1122
20071024,1364000,1391000,1310000,1320000,969
20071023,1337000,1385000,1319000,1364000,1562
20071022,1435000,1469000,1314000,1360000,767
20071019,1421000,1421000,1376000,1420000,771
20071018,1425000,1490000,1424000,1424000,1276
20071017,1526000,1558000,1403000,1469000,1006
20071016,1538000,1538000,1490000,1510000,404
20071015,1527000,1562000,1469000,1537000,1739
20071012,1600000,1609000,1519000,1537000,799
20071011,1527000,1600000,1510000,1600000,830
20071010,1517000,1574000,1517000,1527000,371
20071009,1599000,1600000,1544000,1569000,289
20071008,1588000,1599000,1532000,1599000,715
20071005,1566000,1589000,1525000,1588000,356
20071004,1677000,1678000,1500000,1580000,716
20071002,1513000,1549000,1485000,1540000,1974
20071001,1455000,1525000,1455000,1513000,527
20070928,1475000,1502000,1475000,1480000,416
20070927,1481000,1530000,1480000,1480000,535
20070921,1452000,1480000,1426000,1475000,363
20070920,1436000,1450000,1400000,1432000,383
20070919,1397000,1468000,1390000,1420000,1308
20070918,1400000,1420000,1371000,1396000,513
20070917,1364000,1412000,1364000,1400000,414
20070914,1354000,1419000,1354000,1397000,696
20070913,1358000,1400000,1328000,1359000,1496
20070912,1386000,1386000,1328000,1337000,1062
20070911,1360000,1378000,1323000,1361000,742
20070910,1410000,1410000,1335000,1361000,1523
20070907,1405000,1434000,1390000,1414000,721
20070906,1435000,1452000,1408000,1430000,929
20070905,1515000,1515000,1403000,1438000,1305
20070904,1462000,1500000,1462000,1499000,541
20070903,1487000,1487000,1428000,1480000,660
20070831,1428000,1500000,1425000,1480000,1904
20070830,1450000,1460000,1406000,1419000,1116
20070829,1409000,1440000,1364000,1431000,1185
20070828,1429000,1444000,1401000,1430000,625
20070827,1400000,1446000,1400000,1410000,739
20070824,1371000,1450000,1371000,1401000,404
20070823,1360000,1437000,1308000,1417000,1458
20070822,1285000,1317000,1255000,1300000,959
20070821,1248000,1333000,1232000,1263000,1220
20070820,1214000,1270000,1192000,1250000,1261
20070817,1460000,1460000,1168000,1192000,2389
20070816,1448000,1448000,1309000,1373000,1796
20070814,1415000,1461000,1407000,1460000,1151
20070813,1446000,1485000,1420000,1450000,1417
20070810,1402000,1480000,1351000,1445000,1439
20070809,1446000,1459000,1438000,1445000,1036
20070808,1461000,1499000,1433000,1455000,1659
20070807,1439000,1477000,1420000,1455000,1463
20070806,1365000,1450000,1365000,1438000,1316
20070803,1423000,1457000,1355000,1438000,1396
20070802,1620000,1620000,1371000,1439000,2815
20070801,1509000,1585000,1466000,1510000,3905
20070731,1475000,1510000,1455000,1510000,3279
20070730,1506000,1533000,1451000,1506000,2565
20070727,1600000,1600000,1489000,1506000,1265
20070726,1551000,1650000,1550000,1550000,2575
20070725,1522000,1580000,1498000,1549000,1638
20070724,1516000,1550000,1501000,1532000,915
20070723,1559000,1559000,1483000,1548000,1688
20070720,1515000,1524000,1482000,1518000,1292
20070719,1550000,1565000,1481000,1539000,1142
20070718,1623000,1626000,1550000,1550000,1597
20070716,1620000,1654000,1584000,1652000,2188
20070713,1542000,1615000,1542000,1600000,2034
20070712,1535000,1571000,1522000,1562000,2075
20070711,1530000,1590000,1504000,1550000,1606
20070710,1482000,1653000,1482000,1542000,3615
20070709,1554000,1560000,1490000,1540000,2548
20070706,1500000,1576000,1440000,1557000,3955
20070705,1218000,1393000,1218000,1393000,5676
20070704,1200000,1212000,1157000,1212000,1220
20070703,1172000,1210000,1157000,1200000,992
20070702,1120000,1200000,1120000,1195000,1608
20070629,1090000,1149000,1080000,1120000,2390
20070628,1070000,1079000,1060000,1075000,1097
20070627,1060000,1070000,1045000,1066000,1450
20070626,1060000,1060000,1032000,1060000,1727
20070625,1028000,1115000,1019000,1050000,1867
20070622,1030000,1055000,1011000,1028000,1236
20070621,995000,1050000,995000,1038000,1542
20070620,1002000,1020000,986000,1020000,3093
20070619,1026000,1026000,994000,1020000,2827
20070618,967000,1080000,950000,1050000,2276
20070615,930000,995000,923000,967000,1645
20070614,904000,944000,903000,930000,3736
20070613,880000,907000,880000,900000,1952
20070612,895000,902000,875000,884000,473
20070611,885000,895000,875000,885000,931
20070608,887000,895000,866000,881000,1096
20070607,855000,900000,855000,887000,998
20070605,851000,875000,848000,854000,1040
20070604,880000,894000,846000,846000,1039
20070601,880000,916000,868000,890000,905
20070531,847000,929000,846000,929000,947
20070530,830000,850000,825000,840000,691
20070529,850000,855000,839000,839000,545
20070528,854000,867000,835000,856000,701
20070525,884000,884000,851000,860000,472
20070523,851000,876000,842000,861000,375
20070522,886000,894000,853000,854000,1606
20070521,877000,904000,874000,888000,937
20070518,854000,888000,853000,863000,504
20070517,843000,870000,828000,844000,808
20070516,816000,852000,816000,840000,939
20070515,803000,848000,802000,820000,1471
20070514,798000,810000,797000,810000,2031
20070511,819000,819000,797000,800000,787
20070510,800000,839000,800000,800000,2235
20070509,801000,810000,796000,805000,719
20070508,801000,811000,797000,800000,1343
20070507,800000,834000,773000,812000,1935
20070504,802000,813000,802000,805000,566
20070503,804000,820000,801000,815000,942
20070502,800000,815000,798000,815000,488
20070430,792000,804000,792000,800000,931
20070427,796000,806000,790000,795000,749
20070426,811000,868000,791000,810000,1272
20070425,786000,810000,770000,800000,1050
20070424,779000,879000,779000,793000,1297
20070423,772000,810000,772000,791000,1834
20070420,787000,795000,779000,779000,1290
20070419,778000,795000,768000,770000,617
20070418,775000,805000,766000,782000,514
20070417,776000,776000,764000,765000,550
20070416,773000,795000,773000,783000,302
20070413,790000,797000,778000,778000,652
20070412,785000,828000,764000,828000,1312
20070411,756000,782000,756000,779000,176
20070410,753000,779000,752000,773000,200
20070409,750000,777000,742000,761000,442
20070406,736000,745000,736000,741000,612
20070405,730000,740000,727000,737000,276
20070404,735000,751000,723000,733000,1291
20070403,761000,761000,739000,740000,483
20070402,777000,784000,767000,767000,399
20070330,759000,775000,732000,775000,598
20070329,739000,769000,720000,750000,447
20070328,773000,773000,721000,729000,1309
20070327,758000,775000,744000,750000,872
20070326,752000,752000,743000,743000,609
20070323,739000,740000,731000,733000,632
20070322,750000,752000,737000,739000,752
20070321,759000,759000,744000,745000,212
20070320,734000,752000,734000,752000,535
20070319,721000,743000,721000,743000,3797
20070316,744000,744000,725000,725000,4185
20070315,724000,733000,714000,733000,338
20070314,715000,734000,712000,712000,534
20070313,734000,740000,725000,726000,395
20070312,744000,746000,737000,738000,491
20070309,755000,755000,738000,742000,913
20070308,742000,755000,738000,755000,1459
20070307,767000,769000,745000,748000,972
20070306,742000,769000,742000,769000,311
20070305,778000,778000,750000,750000,652
20070302,766000,780000,766000,771000,545
20070228,797000,797000,751000,790000,1424
20070227,788000,795000,778000,780000,257
20070226,802000,808000,786000,787000,226
20070223,787000,810000,787000,792000,492
20070222,789000,810000,781000,804000,324
20070221,795000,795000,775000,785000,566
20070220,787000,798000,787000,791000,489
20070216,791000,801000,790000,797000,118
20070215,789000,798000,788000,792000,383
20070214,785000,809000,785000,791000,425
20070213,786000,805000,786000,792000,266
20070212,796000,800000,781000,790000,119
20070209,813000,816000,796000,796000,380
20070208,809000,818000,801000,815000,715
20070207,797000,804000,787000,797000,305
20070206,787000,802000,787000,797000,225
20070205,786000,794000,782000,790000,279
20070202,785000,808000,784000,802000,334
20070201,805000,805000,798000,800000,259
20070131,789000,792000,780000,790000,2615
20070130,795000,795000,780000,789000,422
20070129,795000,795000,773000,782000,275
20070126,810000,810000,778000,784000,416
20070125,785000,800000,785000,798000,389
20070124,794000,794000,782000,794000,450
20070123,775000,787000,770000,782000,138
20070122,765000,785000,765000,781000,518
20070119,810000,811000,766000,766000,666
20070118,790000,798000,774000,798000,379
20070117,809000,809000,781000,784000,1080
20070116,803000,803000,790000,800000,1462
20070115,781000,794000,772000,789000,408
20070112,779000,792000,771000,779000,639
20070111,770000,804000,770000,774000,834
20070110,818000,818000,772000,776000,792
20070109,821000,821000,791000,803000,708
20070108,794000,824000,794000,800000,574
20070105,791000,828000,780000,800000,1438
20070104,792000,827000,792000,792000,593
20070103,855000,861000,812000,812000,648
20070102,900000,900000,851000,851000,547
20061228,876000,910000,850000,910000,1287
20061227,919000,919000,870000,899000,473
20061226,900000,928000,873000,919000,599
20061222,888000,924000,868000,898000,1805
20061221,859000,881000,841000,879000,1374
20061220,811000,850000,811000,833000,1097
20061219,817000,834000,817000,825000,3243
20061218,820000,825000,795000,825000,1230
20061215,865000,890000,780000,820000,7086
20061214,752000,828000,613000,828000,10492
20061213,701000,720000,692000,720000,728
20061212,712000,723000,706000,707000,384
20061211,716000,732000,716000,725000,299
20061208,731000,733000,722000,727000,340
20061207,740000,750000,727000,740000,766
20061206,729000,731000,720000,731000,272
20061205,710000,732000,710000,722000,317
20061204,710000,727000,710000,714000,357
20061201,742000,748000,718000,718000,255
20061130,710000,745000,710000,744000,558
20061129,730000,739000,719000,730000,273
20061128,746000,746000,719000,719000,258
20061127,741000,751000,731000,738000,244
20061124,749000,759000,733000,755000,390
20061123,770000,770000,730000,743000,947
20061122,704000,769000,704000,767000,1407
20061121,701000,712000,693000,704000,545
20061120,712000,726000,710000,713000,441
20061117,740000,740000,708000,723000,566
20061116,707000,726000,707000,719000,384
20061115,730000,730000,711000,720000,322
20061114,750000,754000,716000,730000,831
20061113,768000,768000,746000,750000,685
20061110,777000,790000,763000,768000,407
20061109,771000,780000,771000,777000,486
20061108,762000,780000,762000,778000,562
20061107,780000,780000,765000,780000,992
20061106,785000,789000,756000,780000,1390
20061103,785000,797000,775000,785000,365
20061102,790000,806000,785000,794000,457
20061101,780000,794000,776000,794000,564
20061031,800000,800000,773000,793000,188
20061030,810000,810000,774000,775000,144
20061027,802000,802000,769000,777000,289
20061026,773000,787000,773000,775000,234
20061025,772000,786000,772000,780000,172
20061024,785000,790000,782000,783000,431
20061023,787000,791000,780000,790000,827
20061020,788000,802000,786000,796000,581
20061019,787000,815000,787000,788000,1614
20061018,793000,799000,786000,790000,576
20061017,797000,797000,784000,785000,308
20061016,798000,799000,784000,785000,422
20061013,797000,856000,785000,798000,1606
20061012,771000,790000,771000,772000,616
20061011,766000,780000,766000,779000,997
20061010,799000,799000,772000,773000,405
20061009,801000,820000,766000,770000,2592
20061004,814000,815000,779000,780000,1049
20061002,820000,826000,812000,819000,853
20060929,817000,828000,810000,814000,1139
20060928,812000,835000,812000,816000,1030
20060927,802000,825000,801000,823000,2018
20060926,801000,810000,800000,802000,1666
20060925,771000,820000,771000,801000,3491
20060922,765000,776000,734000,775000,3081
20060921,800000,828000,767000,774000,2754
20060920,825000,862000,780000,800000,9411
20060919,710000,815000,710000,814000,17940
20060918,700000,749000,700000,709000,3285
20060915,700000,754000,690000,704000,4701
20060914,736000,736000,670000,710000,4520
20060913,831000,849000,641000,736000,15452
20060912,659000,753000,659000,753000,8374
20060911,658000,675000,650000,655000,2381
20060908,658000,669000,655000,657000,1427
20060907,659000,674000,653000,657000,2192
20060906,670000,670000,650000,653000,2312
20060905,663000,717000,662000,662000,5183
20060904,630000,692000,630000,658000,6917
20060901,673000,677000,640000,657000,4486
20060831,670000,733000,631000,707000,17036
20060830,829000,830000,699000,699000,11129
20060829,800000,822000,766000,822000,7754
20060828,611000,715000,611000,715000,17789
20060825,619000,651000,591000,622000,10980
20060824,573000,573000,573000,573000,1287
20060823,434000,499000,432000,499000,4162
20060822,439000,440000,432500,434000,655
20060821,495000,495000,431500,431500,228
20060818,433000,440000,433000,436500,396
20060817,441000,447000,436500,436500,592
20060816,448500,450000,439500,439500,404
20060814,446000,450000,439000,439000,698
20060811,448000,450000,437000,439000,764
20060810,442500,462000,436000,439500,1117
20060809,458000,464500,446500,451000,469
20060808,444000,458000,437500,458000,964
20060807,445000,445000,436500,437500,697
20060804,438500,449500,438500,445000,970
20060803,460000,460000,440500,440500,421
20060802,459000,459000,450000,450000,2893
20060801,444000,461000,444000,450000,466
20060731,462500,462500,441000,459000,608
20060728,445500,457000,445500,450000,259
20060727,435000,459000,435000,456000,770
20060726,452000,452000,436000,440000,332
20060725,433000,456000,433000,455000,790
20060724,420500,434500,412000,433000,3493
20060721,429500,430000,415000,429000,1553
20060720,414000,430000,414000,430000,1080
20060719,412500,421500,407000,410500,349
20060718,431000,431000,412000,412000,5212
20060714,448000,448000,429000,431000,1439
20060713,460000,461500,452000,459000,830
20060712,470000,474000,460500,460500,430
20060711,475000,475500,460000,467000,522
20060710,470000,476000,458500,470000,953
20060707,464000,469500,464000,467500,140
20060706,467000,469000,457000,467000,2427
20060705,483500,483500,460000,467000,873
20060704,495000,495000,482500,482500,387
20060703,501000,505000,492000,494500,405
20060630,494000,505000,491000,505000,815
20060629,483000,495000,483000,495000,1007
20060628,470000,482000,463500,482000,6566
20060627,477500,486500,471500,482000,486
20060626,483000,488000,471000,484000,385
20060623,472000,480500,456000,480000,1719
20060622,454000,481000,454000,480000,900
20060621,460500,461000,453000,456000,654
20060620,485000,485000,460500,460500,491
20060619,490000,490000,472500,472500,677
20060616,476000,496000,476000,490000,750
20060615,483500,492500,470000,472000,786
20060614,489500,495000,479000,484000,1006
20060613,504000,504000,480000,480000,652
20060612,491500,502000,485000,492000,701
20060609,493000,518000,492000,496000,739
20060608,554000,554000,491000,491000,2264
20060607,542000,553000,538000,540000,673
20060605,568000,568000,550000,550000,506
20060602,567000,574000,558000,560000,620
20060601,586000,586000,567000,567000,611
20060530,576000,593000,548000,593000,2536
20060529,595000,596000,575000,576000,741
20060526,588000,599000,587000,588000,356
20060525,591000,601000,586000,592000,987
20060524,586000,608000,580000,603000,4464
20060523,580000,595000,580000,587000,2423
20060522,589000,589000,580000,583000,1290
20060519,580000,598000,577000,587000,1719
20060518,586000,598000,577000,577000,821
20060517,592000,607000,592000,601000,1653
20060516,615000,621000,597000,597000,1266
20060515,608000,622000,604000,615000,1337
20060512,617000,619000,600000,615000,1857
20060511,605000,621000,605000,621000,1300
20060510,605000,613000,605000,605000,356
20060509,605000,609000,601000,605000,2276
20060508,613000,613000,600000,605000,872
20060504,618000,618000,604000,616000,783
20060503,611000,628000,608000,614000,1292
20060502,600000,620000,593000,610000,2691
20060428,592000,592000,583000,590000,5027
20060427,576000,586000,575000,584000,2009
20060426,572000,575000,570000,575000,990
20060425,570000,573000,566000,570000,1141
20060424,565000,570000,564000,566000,1011
20060421,567000,575000,567000,569000,1131
20060420,569000,575000,569000,570000,940
20060419,575000,578000,571000,574000,1587
20060418,572000,579000,572000,575000,660
20060417,574000,578000,573000,575000,3044
20060414,577000,580000,573000,580000,2041
20060413,575000,579000,574000,577000,1597
20060412,576000,578000,574000,574000,833
20060411,579000,580000,573000,578000,334
20060410,583000,583000,578000,581000,652
20060407,576000,580000,575000,579000,3748
20060406,580000,581000,575000,576000,1044
20060405,575000,582000,575000,575000,4440
20060404,575000,585000,574000,574000,4018
20060403,578000,582000,575000,577000,1051
20060331,585000,585000,572000,577000,1244
20060330,583000,589000,575000,576000,987
20060329,590000,590000,574000,585000,987
20060328,600000,600000,581000,581000,431
20060327,575000,593000,575000,587000,273
20060324,579000,583000,568000,583000,455
20060323,575000,582000,570000,570000,757
20060322,587000,587000,570000,574000,1741
20060321,595000,598000,588000,588000,3047
20060320,597000,608000,594000,594000,678
20060317,596000,607000,593000,597000,802
20060316,611000,611000,596000,596000,646
20060315,598000,616000,598000,609000,720
20060314,612000,612000,596000,597000,896
20060313,603000,611000,599000,599000,289
20060310,604000,616000,601000,603000,627
20060309,619000,619000,601000,604000,1430
20060308,618000,619000,599000,603000,636
20060307,611000,619000,603000,604000,810
20060306,590000,617000,590000,617000,693
20060303,621000,621000,585000,590000,1813
20060302,619000,630000,613000,621000,427
20060228,634000,634000,611000,624000,400
20060227,609000,624000,609000,624000,238
20060224,623000,628000,610000,613000,306
20060223,609000,624000,608000,623000,641
20060222,622000,625000,580000,598000,1058
20060221,632000,632000,607000,607000,748
20060220,584000,646000,584000,617000,1452
20060217,587000,587000,565000,584000,474
20060216,563000,586000,563000,577000,577
20060215,579000,582000,557000,570000,1300
20060214,564000,592000,564000,577000,832
20060213,583000,588000,565000,566000,1581
20060210,600000,601000,585000,591000,920
20060209,606000,612000,586000,586000,2031
20060208,627000,634000,602000,608000,767
20060207,607000,624000,607000,613000,658
20060206,657000,658000,608000,622000,782
20060203,684000,684000,656000,658000,734
20060202,667000,683000,665000,679000,977
20060201,673000,679000,661000,674000,910
20060131,679000,679000,670000,671000,548
20060127,663000,689000,663000,680000,1007
20060126,659000,682000,650000,680000,1040
20060125,667000,678000,653000,665000,1475
20060124,646000,690000,645000,681000,1945
20060123,679000,699000,669000,685000,4130
20060120,659000,684000,650000,671000,7089
20060119,640000,650000,635000,643000,1018
20060118,649000,649000,623000,640000,2371
20060117,651000,657000,647000,648000,2325
20060116,659000,659000,641000,655000,1523
20060113,675000,675000,648000,648000,1239
20060112,660000,670000,642000,653000,2501
20060111,628000,715000,628000,660000,3608
20060110,612000,629000,612000,624000,1335
20060109,608000,625000,607000,624000,1632
20060106,566000,605000,565000,605000,3665
20060105,555000,570000,552000,570000,933
20060104,560000,560000,550000,556000,861
20060103,554000,554000,545000,553000,1355
20060102,556000,560000,552000,552000,1022
20051229,560000,568000,555000,556000,984
20051228,580000,580000,550000,563000,509
20051227,569000,570000,556000,566000,1505
20051226,545000,561000,545000,561000,1214
20051223,554000,569000,530000,544000,4275
20051222,551000,556000,548000,552000,4358
20051221,550000,559000,550000,552000,1650
20051220,555000,565000,554000,557000,975
20051219,566000,567000,548000,564000,1320
20051216,563000,563000,548000,561000,896
20051215,556000,561000,551000,560000,884
20051214,552000,565000,551000,561000,1138
20051213,548000,562000,548000,557000,2117
20051212,539000,551000,538000,551000,1814
20051209,533000,536000,530000,535000,3878
20051208,540000,548000,526000,532000,4352
20051207,535000,543000,532000,540000,4242
20051206,532000,541000,530000,535000,2037
20051205,532000,541000,531000,535000,2052
20051202,538000,543000,529000,531000,9643
20051201,540000,546000,526000,537000,4218
20051130,542000,550000,539000,540000,1316
20051129,565000,565000,540000,540000,3954
20051128,580000,580000,558000,560000,1103
20051125,580000,580000,561000,562000,1291
20051124,562000,583000,555000,574000,2653
20051123,539000,570000,539000,554000,2302
20051122,542000,548000,539000,540000,2811
20051121,559000,559000,542000,542000,3587
20051118,580000,584000,493500,562000,5379
20051117,584000,588000,579000,579000,3021
20051116,589000,593000,582000,584000,1930
20051115,594000,599000,589000,590000,2291
20051114,603000,609000,592000,595000,820
20051111,591000,620000,591000,608000,1598
20051110,599000,600000,592000,594000,1172
20051109,593000,600000,592000,595000,1207
20051108,589000,595000,588000,595000,1218
20051107,595000,595000,589000,590000,747
20051104,591000,595000,587000,595000,1641
20051103,598000,599000,591000,595000,1226
20051102,590000,601000,590000,599000,1004
20051101,588000,609000,588000,599000,844
20051031,593000,598000,580000,598000,894
20051028,595000,595000,581000,583000,1726
20051027,610000,620000,600000,600000,1519
20051026,620000,620000,614000,614000,1080
20051025,620000,620000,609000,619000,1333
20051024,638000,638000,608000,615000,744
20051021,617000,625000,605000,620000,1170
20051020,614000,623000,605000,607000,4676
20051019,597000,611000,597000,604000,2096
20051018,620000,632000,618000,624000,735
20051017,622000,639000,619000,619000,607
20051014,623000,642000,622000,624000,1864
20051013,623000,633000,614000,616000,1622
20051012,636000,641000,623000,626000,1327
20051011,636000,640000,629000,639000,929
20051010,625000,634000,620000,633000,1163
20051007,625000,628000,620000,621000,4883
20051006,621000,631000,618000,618000,1258
20051005,641000,652000,631000,632000,5089
20051004,633000,652000,633000,645000,5358
20050930,639000,645000,633000,634000,1389
20050929,638000,650000,637000,640000,3948
20050928,646000,648000,635000,645000,5773
20050927,660000,660000,641000,645000,4935
20050926,630000,654000,625000,650000,12512
20050923,615000,627000,611000,620000,11861
20050922,620000,625000,616000,617000,5752
20050921,613000,637000,613000,619000,2377
20050920,632000,632000,621000,629000,1883
20050916,624000,632000,623000,626000,5679
20050915,643000,643000,619000,622000,4093
20050914,635000,648000,635000,648000,5905
20050913,660000,660000,635000,635000,3436
20050912,680000,685000,664000,664000,6462
20050909,680000,693000,672000,680000,4137
20050908,672000,691000,667000,680000,9526
20050907,660000,666000,652000,661000,3193
20050906,641000,660000,641000,647000,1833
20050905,670000,675000,642000,645000,1651
20050902,655000,676000,655000,662000,3962
20050901,587000,645000,587000,636000,6617
20050831,581000,599000,579000,586000,1109
20050830,608000,608000,585000,590000,946
20050829,594000,603000,593000,599000,619
20050826,619000,619000,604000,610000,866
20050825,601000,619000,593000,619000,1069
20050824,616000,616000,593000,607000,922
20050823,607000,612000,592000,612000,1147
20050822,599000,604000,590000,604000,616
20050819,582000,596000,572000,595000,968
20050818,592000,598000,582000,585000,1970
20050817,592000,606000,588000,600000,983
20050816,630000,630000,596000,599000,1456
20050812,605000,622000,602000,622000,891
20050811,601000,610000,599000,608000,734
20050810,594000,617000,594000,605000,1030
20050809,593000,602000,590000,594000,869
20050808,610000,614000,594000,594000,903
20050805,606000,625000,606000,606000,499
20050804,616000,623000,606000,618000,1252
20050803,630000,630000,609000,619000,1750
20050802,631000,641000,617000,620000,1310
20050801,644000,648000,630000,641000,901
20050729,637000,644000,631000,644000,2204
20050728,641000,656000,636000,636000,2495
20050727,611000,647000,610000,640000,3346
20050726,609000,617000,605000,610000,1967
20050725,603000,645000,603000,608000,2098
20050722,609000,609000,603000,606000,856
20050721,601000,615000,590000,598000,1075
20050720,610000,612000,601000,610000,854
20050719,616000,620000,601000,612000,843
20050718,614000,627000,610000,611000,1130
20050715,585000,614000,585000,608000,2402
20050714,585000,597000,580000,584000,1945
20050713,578000,593000,576000,585000,1101
20050712,607000,612000,575000,575000,2403
20050711,599000,619000,599000,605000,1265
20050708,622000,623000,605000,605000,1383
20050707,634000,634000,620000,624000,1140
20050706,668000,668000,621000,626000,2969
20050705,677000,680000,662000,663000,1554
20050704,680000,687000,668000,687000,1323
20050701,665000,685000,665000,679000,1455
20050630,682000,682000,663000,675000,1684
20050629,670000,683000,663000,673000,717
20050628,687000,687000,650000,670000,658
20050627,669000,678000,662000,667000,901
20050624,698000,698000,670000,680000,2686
20050623,679000,690000,679000,689000,383
20050622,689000,695000,685000,689000,738
20050621,684000,696000,674000,685000,820
20050620,680000,688000,676000,676000,682
20050617,673000,690000,672000,688000,546
20050616,690000,690000,671000,685000,452
20050615,665000,673000,650000,670000,853
20050614,691000,694000,665000,665000,849
20050613,681000,697000,681000,682000,989
20050610,680000,698000,664000,679000,944
20050609,650000,682000,637000,680000,10472
20050608,640000,665000,630000,648000,2416
20050607,604000,635000,604000,634000,1204
20050603,601000,614000,601000,609000,1623
20050602,590000,612000,585000,607000,1137
20050601,604000,615000,600000,600000,866
20050531,605000,619000,591000,610000,2334
20050530,590000,608000,573000,599000,4057
20050527,544000,593000,544000,593000,2278
20050526,530000,550000,530000,550000,3122
20050525,507000,528000,507000,526000,1757
20050524,532000,545000,497000,511000,3301
20050523,563000,563000,536000,536000,1619
20050520,569000,569000,543000,560000,5557
20050519,536000,563000,535000,560000,3092
20050518,530000,542000,510000,535000,1661
20050517,545000,555000,518000,521000,1417
20050516,536000,548000,535000,544000,1155
20050513,560000,561000,535000,541000,1369
20050512,574000,579000,566000,566000,845
20050511,570000,584000,567000,578000,750
20050510,574000,587000,574000,577000,453
20050509,595000,604000,580000,580000,714
20050506,595000,601000,594000,599000,310
20050504,593000,600000,590000,593000,491
20050503,606000,606000,588000,591000,1038
20050502,615000,620000,586000,606000,1609
20050429,615000,615000,603000,615000,760
20050428,618000,618000,600000,617000,694
20050427,601000,613000,594000,613000,851
20050426,593000,610000,593000,608000,574
20050425,590000,607000,590000,603000,728
20050422,619000,619000,594000,595000,570
20050421,590000,605000,589000,601000,685
20050420,605000,635000,595000,600000,935
20050419,599000,610000,590000,610000,1303
20050418,623000,623000,587000,593000,902
20050415,628000,628000,601000,611000,864
20050414,623000,623000,602000,620000,2197
20050413,601000,633000,601000,629000,3453
20050412,573000,610000,573000,609000,2426
20050411,602000,609000,575000,575000,1058
20050408,594000,614000,594000,612000,1019
20050407,588000,597000,576000,597000,1502
20050406,576000,584000,569000,575000,1256
20050404,582000,591000,582000,586000,690
20050401,582000,595000,570000,591000,897
20050331,592000,602000,565000,592000,4114
20050330,610000,610000,565000,592000,2906
20050329,637000,637000,593000,610000,2747
20050328,640000,656000,629000,631000,1721
20050325,654000,654000,638000,653000,2141
20050324,630000,650000,625000,643000,1562
20050323,631000,655000,613000,639000,3871
20050322,641000,665000,640000,656000,1664
20050321,635000,673000,625000,649000,3368
20050318,607000,639000,592000,635000,3714
20050317,627000,627000,583000,600000,2813
20050316,613000,635000,600000,615000,2951
20050315,634000,640000,576000,613000,3573
20050314,665000,674000,629000,629000,4145
20050311,610000,650000,610000,650000,4656
20050310,548000,615000,548000,600000,8667
20050309,541000,560000,541000,555000,2935
20050308,571000,584000,515000,547000,4426
20050307,585000,610000,573000,581000,6860
20050304,577000,610000,571000,610000,2794
20050303,580000,597000,555000,578000,4822
20050302,545000,585000,520000,580000,10963
20050228,495000,556000,483500,545000,11525
20050225,421000,483500,420000,483500,17354
20050224,408500,428500,408000,420500,1794
20050223,410000,410000,402000,408500,737
20050222,420000,427500,405000,410000,1893
20050221,426500,432000,415000,418000,3006
20050218,415000,433000,412000,432500,4421
20050217,440000,445000,410000,422000,3753
20050216,398000,438000,397000,429000,4919
20050215,398000,398000,387000,392500,2785
20050214,396000,405000,396000,398000,2370
20050211,404500,410000,395000,396000,1643
20050207,411500,412500,397000,410000,2585
20050204,409000,422000,398000,412500,2076
20050203,444000,444000,414500,414500,2525
20050202,434000,444000,418500,435000,2290
20050201,429000,440000,411000,420000,5237
20050131,409000,425000,399000,425000,4469
20050128,405000,410000,390500,398000,3105
20050127,380000,416000,380000,398000,6086
20050126,349500,370000,342000,368000,3897
20050125,341000,344000,338000,340500,1668
20050124,349500,350000,342500,344000,1900
20050121,342000,345500,332000,344000,2324
20050120,331500,343000,328000,335500,2364
20050119,338000,338000,330000,331500,2080
20050118,342000,343500,334000,335500,2177
20050117,353000,355000,340000,341000,2548
20050114,342500,354500,336000,352500,2475
20050113,330000,342500,330000,342500,2426
20050112,337500,345500,333000,333000,2333
20050111,335000,335000,318000,331000,5831
20050110,357000,357000,333000,335000,6273
20050107,383000,383000,363000,363000,2726
20050106,387500,394000,368500,380000,3194
20050105,400000,404000,394000,394000,1401
20050104,387000,404000,387000,400000,1044
20050103,388000,390000,383000,389000,618
20041230,387000,389000,376000,389000,2147
20041229,364500,385000,364500,383000,2705
20041228,391500,401000,369000,370000,5422
20041227,402500,414500,395000,395000,1862
20041224,411500,418000,405500,407500,1657
20041223,420500,425000,406500,418000,2754
20041222,402000,450000,402000,418500,6027
20041221,415000,427000,400000,405000,2001
20041220,396500,418000,396500,415000,2237
20041217,409500,413000,398500,399000,2891
20041216,402000,417000,402000,409500,2490
20041215,415000,418500,380500,406000,3770
20041214,395000,426000,393500,411000,4106
20041213,363000,390000,363000,389000,9794
20041210,396500,396500,396500,396500,0
20041209,416000,416000,390500,396500,9392
20041208,434000,440000,400000,416000,6953
20041207,449500,488000,430000,440000,7128
20041206,455500,455500,435000,450500,3969
20041203,420000,457500,413500,448000,11120
20041202,373000,417000,371000,412500,8550
20041201,358000,369000,358000,363000,7380
20041130,369000,369000,356500,361000,3814
20041129,369000,372000,348000,367000,6500
20041126,330000,359000,330000,352000,5805
20041125,306000,324000,306000,322500,4414
20041124,329500,329500,305000,305000,3818
20041123,289500,310000,289500,310000,3156
20041122,283000,293000,273500,291500,5062
20041119,263000,275000,258500,273000,2556
20041118,260500,263500,258000,261000,1606
20041117,266000,266500,255000,260000,2131
20041116,264000,268000,255000,255000,2509
20041115,260000,270000,255500,263000,2000
20041112,262500,262500,255000,260000,1511
20041111,252500,260500,252500,253500,39545
20041110,249500,255500,248500,255000,2973
20041109,246000,255000,246000,249500,1450
20041108,251500,263500,247000,249500,1213
20041105,250000,253000,248000,253000,1170
20041104,255000,255000,249000,249000,3075
20041103,254500,259000,248000,254500,1670
20041102,242000,255000,242000,254500,1877
20041101,239000,244000,239000,244000,788
20041029,240500,242500,235000,242000,1590
20041028,246000,246000,237000,239500,1575
20041027,230000,248000,230000,236500,4550
20041026,233000,235000,225500,230000,2030
20041025,227000,230000,221500,222000,1820
20041022,218500,235500,218500,224000,2100
20041021,217500,222500,217000,217000,3398
20041020,217000,225500,216500,216500,2690
20041019,218500,228000,216000,216500,5890
20041018,225500,226000,216500,217500,3090
20041015,218000,224000,214000,219500,2029
20041014,211000,217000,208000,217000,3750
20041013,219000,223000,210000,212000,2070
20041012,238000,238000,220000,220000,2780
20041011,231000,242000,228500,233000,2064
20041008,237000,238000,232500,232500,2066
20041007,241500,243000,236500,241000,1191
20041006,246500,247000,236500,241500,2541
20041005,248000,250000,241000,245000,2875
20041004,239000,248000,237000,246000,3873
20041001,244500,248500,238000,241500,2952
20040930,235000,260000,235000,251000,3944
20040924,256000,258000,239000,243500,5855
20040923,275000,279000,265500,265500,3846
20040922,270500,286500,262000,275000,6591
20040921,265000,274500,255000,270000,9700
20040920,228500,256000,227000,255000,9094
20040917,211500,233500,211500,225000,6946
20040916,203000,215500,200000,214500,4904
20040915,209500,221000,201500,206000,6582
20040914,199500,221000,198500,215000,25484
20040913,169500,192500,169500,192500,9804
20040910,162000,167500,162000,167500,5230
20040909,165000,165000,160000,165000,1280
20040908,162000,165000,161500,165000,550
20040907,166000,167000,163000,164500,460
20040906,159000,163000,158500,161500,6150
20040903,158000,159000,157000,158000,270
20040902,157000,159000,157000,158000,390
20040901,157000,159000,157000,158000,770
20040831,158000,159000,156000,158000,290
20040830,156000,159000,156000,159000,490
20040827,158500,159000,157000,158000,86
20040826,157000,159000,156500,157500,200
20040825,156000,159000,156000,157000,140
20040824,158500,160000,154500,160000,370
20040823,159500,159500,154000,156500,1000
20040820,154500,159500,153000,158000,460
20040819,157000,157000,150000,153500,560
20040818,153500,157000,153500,157000,60
20040817,152500,153000,147500,152500,150
20040816,148000,157000,147000,149000,1430
20040813,144000,148000,144000,148000,630
20040812,150000,150000,143500,146000,1990
20040811,150000,150000,148500,150000,240
20040810,152000,152000,148000,150000,400
20040809,148500,153000,148500,152500,290
20040806,147000,150000,147000,150000,90
20040805,144000,150000,144000,150000,140
20040804,149000,149000,128500,148000,680
20040803,150000,151000,150000,151000,170
20040802,149500,152000,149500,152000,130
20040730,150000,168000,150000,152000,1070
20040729,149000,152000,149000,152000,140
20040728,154000,157000,152000,152000,560
20040727,157500,157500,155000,155000,620
20040726,155500,157500,155500,157500,240
20040723,134000,158000,133500,157500,560
20040722,154500,157000,154000,157000,160
20040721,155000,157000,154500,157000,290
20040720,154000,156000,154000,156000,30
20040719,156000,156000,156000,156000,10
20040716,153500,155000,153500,154500,700
20040715,153000,155000,153000,155000,140
20040714,154500,156000,153500,154000,510
20040713,156500,156500,156500,156500,20
20040712,159500,159500,155000,155000,240
20040709,156000,159000,156000,156500,370
20040708,161000,161000,156000,159500,650
20040707,153500,159000,153500,159000,100
20040706,157500,157500,157500,157500,10
20040705,153500,154500,153500,154500,40
20040702,153500,154500,153500,153500,580
20040701,154000,158500,154000,156000,210
20040630,157500,158000,157500,158000,160
20040629,158000,159500,158000,159500,630
20040628,158000,158500,156000,156000,440
20040625,153500,155000,153500,155000,90
20040624,153000,160000,153000,157500,50
20040623,164000,164000,150000,157000,220
20040622,145000,165000,145000,165000,480
20040621,153000,153500,149000,151000,220
20040618,153000,153500,149000,152000,650
20040617,157000,158000,157000,158000,20
20040616,154000,159500,154000,154500,450
20040615,153500,154500,150000,154500,170
20040614,153000,157000,151000,154500,620
20040611,163000,163000,151000,158000,330
20040610,160000,163000,157500,163000,2210
20040609,159500,159500,157000,157000,870
20040608,153000,158500,153000,157000,950
20040607,152000,154000,148500,154000,1710
20040604,148000,153000,148000,153000,330
20040603,151000,151000,150500,150500,350
20040602,150000,151500,150000,151500,30
20040601,151500,151500,151500,151500,360
20040531,150000,151500,149000,151500,290
20040528,151500,151500,151500,151500,0
20040527,154000,155000,152000,152000,1040
20040525,149500,153000,149500,153000,180
20040524,150000,151000,150000,151000,150
20040521,148500,149500,148500,149500,24
20040520,146500,150000,146000,150000,370
20040519,146500,149500,146000,148000,130
20040518,140000,145000,140000,145000,280
20040517,145500,145500,142000,143500,480
20040514,149500,151000,147000,147500,270
20040513,147000,151000,146000,148500,540
20040512,147000,154000,146000,149000,440
20040511,146000,149500,145000,147000,860
20040510,151000,153000,147000,150000,990
20040507,150000,154000,150000,154000,94
20040506,155000,155000,154500,154500,1180
20040504,157000,158500,155000,157000,430
20040503,160000,160000,155000,158000,396
20040430,154500,158500,154000,158500,540
20040429,156000,158500,154000,157500,584
20040428,165000,166000,155000,160000,930
20040427,165000,168500,163000,165500,1810
20040426,150000,165000,150000,165000,3645
20040423,146000,152000,146000,150000,720
20040422,148000,151000,146000,150000,660
20040421,142000,150000,142000,148000,1260
20040420,142500,144000,142500,144000,346
20040419,140000,142500,140000,142500,510
20040416,143500,143500,142000,143000,150
20040414,143000,143000,141000,142000,150
20040413,140000,143000,139000,142000,610
20040412,139000,141000,138000,141000,710
20040409,137500,138500,137500,138500,210
20040408,138000,138500,137000,138000,440
20040407,137000,138500,136500,138500,820
20040406,137500,139000,135500,139000,320
20040402,138000,138000,138000,138000,100
20040401,136000,139500,136000,138500,190
20040331,138000,139500,136500,137000,190
20040330,137000,138000,136500,137000,60
20040329,136000,143000,135000,138000,1250
20040326,135500,136000,135500,136000,490
20040325,135500,136000,135000,135000,200
20040324,136000,137500,135500,135500,150
20040323,137000,138500,135500,138500,130
20040322,137500,138000,135500,136000,650
20040319,138500,139000,135000,136500,800
20040318,138000,138500,138000,138000,250
20040317,136500,140000,136500,139000,1010
20040316,136500,137500,135500,137000,290
20040315,137000,139500,137000,138000,540
20040312,143000,143000,136000,139000,1430
20040311,139000,143000,139000,143000,1340
20040310,140000,142000,139000,142000,450
20040309,142000,144000,142000,142000,230
20040308,143000,146000,143000,143000,640
20040305,145000,145500,143000,143000,960
20040304,147000,147000,143000,145000,1170
20040303,138000,143000,137500,143000,1385
20040302,138000,138000,136000,136000,370
20040227,135000,136000,134000,135000,270
20040226,135500,135500,133000,134000,922
20040225,136500,137500,135000,136500,250
20040224,138000,139500,136500,136500,717
20040223,139000,140000,138500,138500,266
20040220,139500,142000,139500,141500,240
20040219,141000,141000,139000,139500,850
20040218,143500,144000,141500,143000,180
20040217,143000,145000,140000,142000,600
20040216,138500,146000,138500,145000,3277
20040213,137000,138500,136000,138000,260
20040212,138500,138500,137000,137000,130
20040211,137000,139000,135000,139000,760
20040210,135500,138000,135000,136500,861
20040209,139000,139000,136000,138000,1250
20040206,140000,140000,138500,139500,330
20040205,138000,141000,137500,140000,820
20040204,139500,140000,139500,140000,115
20040203,140000,140000,138000,140000,400
20040202,141000,141000,140500,140500,81
20040130,141000,142500,140500,142500,330
20040129,142000,142500,140500,142000,460
20040128,143500,143500,141000,142500,340
20040127,142500,144500,142000,143500,830
20040126,143500,144500,140000,142500,370
20040120,143000,143500,142000,143500,466
20040119,144000,145000,140000,143000,830
20040116,142500,144000,140500,142000,470
20040115,142500,143000,142000,142000,360
20040114,143000,144500,142000,143000,240
20040113,146500,146500,143000,143000,400
20040112,146000,146000,143500,145000,560
20040109,143500,144000,142500,143500,410
20040108,144000,145000,143500,144500,320
20040107,143000,146000,141500,145500,8140
20040106,144000,145000,143000,143000,440
20040105,146000,146000,143000,143000,361
20040102,143500,143500,141500,143000,430
20031230,144000,144000,142500,143000,190
20031229,143000,144500,140000,143000,2820
20031226,143000,145000,143000,144000,2710
20031224,145000,145500,143000,143000,230
20031223,144000,145000,142500,143500,461
20031222,146000,147000,144000,144000,895
20031219,147000,147000,145000,146000,190
20031218,143500,148000,143500,145000,360
20031217,148500,148500,141000,146500,743
20031216,146000,147000,145000,145500,2400
20031215,147500,153000,145500,147500,1340
20031212,150000,150000,146500,147500,160
20031211,149000,149000,146000,146500,1671
20031210,145500,147000,145000,146000,2109
20031209,143500,147000,143500,147000,540
20031208,142000,146500,142000,146500,141
20031205,147000,147000,143500,143500,495
20031204,146000,147500,145000,147000,280
20031203,145500,149000,143500,145000,860
20031202,145000,147500,144000,144500,850
20031201,141000,147000,141000,146000,1045
20031128,140000,144000,139500,140000,640
20031127,141000,141500,139000,139000,1029
20031126,141000,143000,141000,141000,200
20031125,141000,144500,139500,144000,1000
20031124,146000,146000,139500,142000,490
20031121,150500,152000,145500,145500,777
20031120,147000,148000,145500,148000,970
20031119,149500,150500,146000,149000,430
20031118,150500,152000,150000,151500,470
20031117,152500,152500,149000,152000,680
20031114,153500,154500,149500,154000,940
20031113,154000,154500,152000,154000,630
20031112,159500,159500,153500,154000,930
20031111,159000,160000,154500,156000,1120
20031110,154500,163000,154500,162000,3180
20031107,150000,154500,148000,153000,2076
20031106,150000,152500,143500,146500,1860
20031105,152000,152000,147000,150000,664
20031104,145500,153500,143500,150500,1850
20031103,145500,149500,145000,147000,754
20031031,147000,150000,146000,148000,861
20031030,153000,154000,147000,150000,1188
20031029,145500,155000,143000,151000,6320
20031028,143000,149000,138000,138000,2120
20031027,131500,134000,131500,134000,160
20031024,132500,134500,132000,132000,300
20031023,134000,135000,132000,133500,270
20031022,135000,135500,133500,133500,310
20031021,134500,135500,134000,135000,370
20031020,134500,134500,133500,134500,210
20031017,133000,137000,133000,134500,840
20031016,137000,137000,135000,136000,460
20031015,136000,137000,135500,137000,590
20031014,135500,137000,135500,136000,1300
20031013,137500,138000,137500,137500,480
20031010,136000,140500,135000,138000,2076
20031009,133000,135500,133000,135000,660
20031008,132500,136500,132000,135000,1020
20031007,133500,136500,133000,135000,510
20031006,134500,135500,133000,133000,430
20031002,136500,136500,136500,136500,170
20031001,134500,136500,132000,136500,890
20030930,134000,136500,134000,135000,170
20030929,137000,137000,134000,134000,666
20030926,135500,138500,134000,138500,510
20030925,138500,138500,134000,138500,980
20030924,136000,140000,135000,138500,1180
20030923,138000,139000,136000,138500,1060
20030922,142500,143000,139000,139000,555
20030919,143500,146000,142500,145000,860
20030918,142500,143500,142500,143500,80
20030917,141500,142500,141000,142500,700
20030916,141500,145000,141500,141500,2410
20030915,141500,142500,141500,142500,320
20030909,142500,144500,142500,144000,490
20030908,143500,144500,143000,144000,380
20030905,143500,145000,143000,143500,1970
20030904,144000,145000,143000,144000,1810
20030903,145000,145500,143000,144000,1531
20030902,142000,146500,140500,146500,1620
20030901,141000,144500,139000,142000,790
20030829,143000,143500,140500,141000,2030
20030828,146000,146000,143000,143000,1445
20030827,146500,147000,145500,146000,780
20030826,145000,147500,144000,147500,1010
20030825,148500,150000,143000,147500,680
20030822,151000,151000,147000,150000,770
20030821,150000,153000,148000,150500,990
20030820,146500,155000,146500,151000,5373
20030819,146000,152000,144000,149000,2670
20030818,151000,152000,144000,144000,2420
20030814,159500,159500,150000,153000,2522
20030813,159500,160000,158000,160000,2230
20030812,159000,161500,158500,161000,2090
20030811,161000,162000,160000,160000,660
20030808,159000,162000,159000,162000,770
20030807,158000,163000,158000,161500,340
20030806,159000,165500,158000,163000,2490
20030805,155500,159000,155500,158000,330
20030804,155500,158000,155000,157500,300
20030801,157500,158500,156500,157500,2220
20030731,159000,159000,156000,157000,370
20030730,158500,161500,158000,159000,830
20030729,158500,160000,158000,159500,690
20030728,161500,161500,158500,159000,550
20030725,158000,160000,157000,160000,370
20030724,162000,162000,158500,159500,430
20030723,161000,161000,158500,160000,360
20030722,158500,161000,156500,159000,1370
20030721,158500,163000,158500,160000,1320
20030718,162500,162500,158500,160500,3690
20030716,166000,166000,160000,162000,2890
20030715,160000,164500,158000,162000,3800
20030714,164500,164500,155000,160000,6583
20030711,162000,163500,161500,163000,1661
20030710,163000,165000,163000,163000,1251
20030709,164000,166000,163000,165000,1610
20030708,163000,166000,160000,164000,2170
20030707,171000,171000,160000,165000,7540
20030704,171000,173500,170000,171500,1782
20030703,176000,176000,171000,171000,1350
20030702,179000,179000,174500,175500,1620
20030701,174500,183000,173500,179000,3400
20030630,170500,171000,169000,170000,1070
20030627,169500,171500,168000,170500,1720
20030626,169000,171500,168500,170000,2200
20030625,169000,173500,167000,170000,3728
20030624,171500,171500,169500,171000,2410
20030623,176500,177000,171000,173000,1900
20030620,177000,177000,173000,175000,2000
20030619,170000,177000,170000,176500,5940
20030618,168500,172500,168500,170000,2770
20030617,171000,172500,168500,170000,2019
20030616,172000,172000,168000,170000,1975
20030613,174000,175500,169000,174000,4460
20030612,176000,176000,172000,175500,2540
20030611,166500,177500,166500,176000,3210
20030610,168000,170500,165000,170000,2120
20030609,175000,176000,168500,170000,2770
20030605,173500,178000,172000,176000,1690
20030604,172500,176000,171500,173000,1600
20030603,174500,175000,171000,173000,1730
20030602,177000,180500,168000,176500,5605
20030530,188000,192500,176000,176500,18966
20030529,146000,167500,146000,167500,10640
20030528,141500,146500,139500,146000,7615
20030527,134500,142000,134500,139000,11700
20030526,132000,140500,129000,133000,6390
20030523,133000,135000,128000,128000,5240
20030522,141000,142500,132000,133000,13330
20030521,138000,142500,136000,139000,8804
20030520,133500,145000,133500,136500,11200
20030519,137000,143500,135000,135000,5812
20030516,128500,141000,128500,136000,2640
20030515,127500,127500,125000,125000,70
20030514,124000,127000,124000,127000,350
20030513,124000,126500,123000,125000,1077
20030512,122500,124500,120500,124000,1150
20030509,123000,123000,120000,121500,361
20030507,123000,123000,121500,123000,110
20030506,121000,123000,120500,123000,405
20030502,122000,122000,121500,122000,160
20030430,121000,121500,121000,121500,110
20030429,117500,122000,117500,120500,530
20030428,115500,119500,115500,118000,216
20030425,121000,121000,117000,118000,760
20030424,123000,123000,121500,121500,570
20030423,126000,126500,123000,124000,600
20030422,128500,131000,123000,123000,1200
20030421,127500,130000,127000,128000,372
20030418,123000,129000,122500,129000,2525
20030417,119500,122000,119500,122000,2385
20030416,120000,123000,120000,122000,900
20030415,119000,121000,119000,120000,771
20030414,117000,118500,116000,118500,610
20030411,117500,118500,115500,116000,2220
20030410,116000,118000,116000,118000,370
20030409,119000,119000,117500,117500,190
20030408,120000,120000,119000,119000,220
20030407,119500,121500,118000,120000,480
20030404,117000,119500,117000,119500,220
20030403,117500,119000,117000,119000,210
20030402,121500,121500,117500,118000,220
20030401,117500,119500,117500,119500,60
20030331,120000,120000,119000,120000,4840
20030328,120000,121500,118000,120500,5163
20030327,119500,120000,116500,117000,4790
20030326,116000,120500,116000,120000,4450
20030325,119000,119000,118000,119000,3000
20030324,117000,119500,116500,118000,1952
20030321,119000,119500,117000,119000,4680
20030320,119500,120000,115000,119000,1610
20030319,116000,118000,114000,117500,5800
20030318,114000,116500,113000,116000,380
20030317,115000,115500,110000,113000,780
20030314,105000,108500,104500,108000,550
20030313,104500,105500,103000,104000,520
20030312,104000,106500,104000,105500,560
20030311,103000,108500,103000,107500,170
20030310,106500,107000,105000,106000,180
20030307,107500,109000,107000,107000,360
20030306,108000,113000,108000,109500,680
20030305,114000,114000,109500,111500,990
20030304,111500,113500,111000,113500,130
20030303,113500,113500,111000,113000,220
20030228,112500,112500,112000,112000,170
20030227,113000,114500,111000,114500,560
20030226,114000,116000,113500,114000,270
20030225,116000,116000,113500,114000,270
20030224,116000,118000,116000,116500,490
20030221,115500,117500,113500,115000,480
20030220,116000,118000,116000,117000,160
20030219,115000,117000,115000,116500,370
20030218,120000,120000,114000,115000,370
20030217,111500,117000,111000,117000,1273
20030214,112000,112000,109000,110000,172
20030213,109500,112500,109000,112500,230
20030212,107000,114000,106500,111500,433
20030211,108000,112000,106500,108000,600
20030210,110000,111000,108000,108000,690
20030207,117000,117000,111500,113000,420
20030206,115000,127500,112500,117000,1880
20030205,102000,116000,102000,115000,2240
20030204,104000,105500,104000,104500,210
20030203,102000,105000,102000,105000,440
20030130,100000,104000,100000,102500,580
20030129,105000,105000,100500,101000,1180
20030128,104000,106500,104000,105000,330
20030127,110500,110500,104000,106500,840
20030124,110000,112000,108500,109000,640
20030123,110500,112500,109000,110500,1538
20030122,112500,115500,111000,112000,948
20030121,116000,116000,114000,114000,1140
20030120,117500,119000,114000,117000,1640
20030117,120500,120500,119000,119000,460
20030116,120000,121500,120000,121500,390
20030115,121000,122000,120000,122000,870
20030114,120000,122500,120000,122500,300
20030113,119000,121500,119000,121500,210
20030110,120000,121500,117500,119500,1650
20030109,120000,120500,118500,119000,550
20030108,121500,122000,120000,121000,500
20030107,123000,123000,121000,121000,580
20030106,125000,125500,121500,121500,1090
20030103,124500,125000,123000,123500,432
20030102,120500,123000,120000,122500,370
20021230,124500,125500,120000,120500,1320
20021227,127000,127000,126500,126500,340
20021226,128000,130000,127000,130000,313
20021224,127500,129500,127000,128000,2047
20021223,132500,133000,129000,129500,1230
20021220,133000,134500,132000,133000,880
20021218,135000,135000,132500,133000,2680
20021217,135000,135000,134500,135000,690
20021216,134000,135500,132500,135000,2040
20021213,132500,134500,132500,134000,1010
20021212,133000,135000,133000,133500,990
20021211,133500,133500,132500,132500,750
20021210,132000,134000,131500,134000,1100
20021209,133500,135000,133000,133500,1150
20021206,136500,137000,133500,135000,725
20021205,135000,137000,134500,135000,970
20021204,136500,136500,134000,135500,1200
20021203,137000,138000,135500,137500,830
20021202,136500,139000,136000,137000,2540
20021129,134000,136500,134000,136500,1170
20021128,133000,136500,130000,135500,3620
20021127,131500,132500,131500,132000,630
20021126,133000,133000,130500,132000,1150
20021125,133500,135000,131500,131500,1258
20021122,134000,135500,132000,133500,1800
20021121,135500,135500,132000,134500,1880
20021120,134500,134500,133500,134500,440
20021119,135000,140000,134500,134500,1070
20021118,133000,135000,132000,134500,1060
20021115,131000,134000,130500,132000,1220
20021114,129500,130500,129000,130000,830
20021113,129500,130500,128500,129500,930
20021112,130500,131500,129000,129500,750
20021111,132500,134000,131500,131500,430
20021108,133000,135000,132500,133500,1940
20021107,136500,136500,134000,135000,5050
20021106,135000,137000,135000,136000,420
20021105,135500,136000,134500,135000,820
20021104,136000,136500,134500,136000,270
20021101,138000,138000,135500,136000,620
20021031,137500,139000,136000,137500,290
20021030,141000,142000,135500,138000,680
20021029,135000,139500,135000,139000,850
20021028,135500,136000,134500,136000,350
20021025,133000,140000,133000,134500,1900
20021024,134500,136500,133000,134000,380
20021023,134500,136500,134000,136000,300
20021022,139000,139500,134500,136000,510
20021021,139500,139500,132500,137000,920
20021018,132000,137500,132000,137000,841
20021017,134000,134000,130000,131500,670
20021016,133000,133000,131000,131500,291
20021015,131000,131500,128500,131500,450
20021014,127000,131000,127000,131000,370
20021011,127000,130000,126500,128000,770
20021010,128000,128000,125000,127500,1117
20021009,131500,131500,128000,129000,700
20021008,130000,132500,130000,131000,460
20021007,131000,134500,130000,130500,680
20021004,130000,137500,129000,134500,630
20021002,132000,132000,129500,130000,500
20021001,129000,132000,129000,130000,560
20020930,131000,133000,128500,129500,721
20020927,133500,134500,132000,134500,811
20020926,133500,137000,133000,134000,1135
20020925,139000,139000,132000,132000,1761
20020924,143000,143500,139500,139500,2009
20020923,145000,148000,143500,146000,1141
20020919,148000,152000,145000,147500,981
20020918,155000,155000,146000,147500,1800
20020917,160000,160000,155000,155000,1700
20020916,156000,163000,152500,159000,2830
20020913,158500,158500,149500,153000,3410
20020912,160000,168500,154000,158500,4308
20020911,145000,159500,145000,159500,10941
20020910,140000,149000,139000,139000,3190
20020909,144000,144000,133000,135000,1650
20020906,169500,169500,140000,144000,6110
20020905,138000,157500,138000,157500,3770
20020904,132000,139500,130500,137000,2070
20020903,133500,134000,131500,133500,820
20020902,131500,132500,129500,131500,770
20020830,128500,132500,128500,130000,870
20020829,127500,132000,127500,130000,740
20020828,129500,130500,128500,128500,321
20020827,129000,131000,129000,129500,704
20020826,129500,133000,128500,129500,1320
20020823,132000,133000,130000,130000,786
20020822,135000,135000,131000,132000,844
20020821,135500,135500,130000,132000,333
20020820,130500,135000,130000,132500,857
20020819,133500,133500,127000,129500,1410
20020816,131000,144000,131000,133000,470
20020814,129500,131500,129000,129500,140
20020813,129000,131500,127500,131500,490
20020812,132000,132000,130000,131000,320
20020809,130000,131500,130000,131000,70
20020808,129500,129500,128000,128000,200
20020807,127500,129500,127500,129000,170
20020806,128000,129500,128000,128000,202
20020805,129500,129500,127500,127500,390
20020802,128000,129000,127000,128500,290
20020801,130000,132500,128000,128000,1300
20020731,134000,134000,130000,132000,360
20020730,133500,135000,132500,133500,740
20020729,133000,137000,132000,132000,180
20020726,135500,137500,132500,132500,360
20020725,139000,142500,135500,135500,1050
20020724,145000,145000,137000,137000,750
20020723,141000,146000,138000,143500,1170
20020722,133000,148000,133000,141000,1640
20020719,137500,139500,133000,138000,1020
20020718,144500,144500,140500,140500,480
20020716,140500,142000,139000,142000,880
20020715,145000,145000,139500,142500,1180
20020712,136500,143500,136500,143000,880
20020711,138500,138500,135000,135500,540
20020710,140000,140000,138000,138000,290
20020709,145000,145000,138500,138500,530
20020708,136000,142000,136000,142000,630
20020705,130000,137000,130000,135000,630
20020704,132500,133000,130500,131000,770
20020703,129000,131500,127500,129500,1320
20020702,133500,134500,130500,130500,1810
20020628,131500,135000,131500,133500,1720
20020627,130000,138500,130000,134000,7540
20020626,145000,145000,135000,140000,913
20020625,146500,151000,146500,147500,340
20020624,149000,153000,148000,148000,250
20020621,146000,150000,146000,149000,30
20020620,149500,149500,145500,148000,110
20020619,152000,154000,145000,146500,410
20020618,149000,152000,149000,149000,350
20020617,150000,150000,149000,149000,120
20020614,151000,152000,149000,149000,80
20020612,150000,151000,149000,149000,260
20020611,149500,150000,146000,149500,210
20020610,144500,148000,144000,147500,480
20020607,143500,146000,143500,145000,120
20020605,146000,150000,146000,149000,330
20020604,150000,150500,143000,144000,1690
20020603,161500,162500,154000,154000,750
20020531,163000,164500,159000,161500,534
20020530,163000,163500,161000,161500,830
20020529,168000,168000,164000,166000,350
20020528,165000,169000,165000,167000,200
20020527,165000,167500,165000,165000,660
20020524,170500,170500,167000,167000,402
20020523,170000,171000,167000,167000,921
20020522,170000,171000,169500,171000,720
20020521,174000,174000,170500,170500,610
20020520,171500,175000,171500,172000,367
20020517,175000,176500,173500,173500,627
20020516,174000,177000,174000,175000,480
20020515,174000,175000,172000,174000,530
20020514,174500,176500,172000,174000,710
20020513,173000,176000,173000,174000,230
20020510,178000,179000,174500,174500,750
20020509,180000,183000,178000,179000,280
20020508,174500,182000,174500,182000,410
20020507,170000,174500,167500,174500,590
20020506,173000,173000,170000,171000,490
20020503,175000,177000,174500,175500,540
20020502,174500,177000,174000,175000,500
20020430,174000,176000,170000,174000,1170
20020429,189000,189000,173000,174000,2330
20020426,183500,190000,183500,190000,1060
20020425,186000,190000,183000,188000,810
20020424,200000,200000,191000,192000,850
20020423,198500,199000,197000,197000,364
20020422,206500,206500,197500,203500,1611
20020419,215000,215000,205500,205500,960
20020418,200500,217500,200500,210500,2830
20020417,203000,203000,199000,200500,1910
20020416,199000,203000,194500,201000,2390
20020415,195000,199000,195000,197500,680
20020412,187000,193000,187000,193000,580
20020411,189000,192000,187000,189000,350
20020410,193500,193500,186500,189000,1040
20020409,197000,200000,196500,199500,770
20020408,202000,204000,190000,196000,1610
20020404,203000,207500,203000,204000,800
20020403,206000,206000,204000,204500,530
20020402,204000,210000,203000,204500,401
20020401,209000,209000,202000,204000,871
20020329,213000,213000,208500,209000,620
20020328,212000,215500,209000,211500,970
20020327,208000,212000,205000,207000,1110
20020326,207000,212000,205000,205000,760
20020325,211000,219000,208500,212000,1060
20020322,216000,216000,206000,211000,1350
20020321,226500,234000,213000,213000,4360
20020320,196000,223000,194000,223000,5206
20020319,193000,194000,188500,194000,1086
20020318,188000,193000,185500,193000,1260
20020315,188000,188000,184500,184500,780
20020314,184000,188000,183000,184000,897
20020313,181500,186000,181500,184000,563
20020312,186000,188000,184000,186500,700
20020311,188000,188000,184500,186000,440
20020308,188000,188000,184000,188000,970
20020307,193000,193000,185500,188000,873
20020306,190500,192000,189500,192000,540
20020305,192000,192000,189500,190500,840
20020304,193000,193500,188500,191500,1340
20020228,188000,193000,184500,188500,1840
20020227,187500,190000,186000,188500,500
20020226,190000,191500,187500,187500,630
20020225,188000,192000,185500,188500,740
20020222,187500,190000,187000,188000,310
20020221,190500,192000,187000,187000,698
20020220,193500,193500,188000,188000,320
20020219,188500,191500,188500,191000,300
20020218,196000,199000,188000,192500,700
20020215,181500,192000,178000,190500,1038
20020214,181000,182000,177000,180500,500
20020208,183000,183000,178000,180500,250
20020207,177000,179000,175500,179000,440
20020206,176500,183000,174000,178500,600
20020205,178000,181000,177500,178500,400
20020204,183000,186000,178500,181000,480
20020201,186000,193000,184000,184000,772
20020131,180000,191500,180000,189500,810
20020130,187500,203000,187500,192000,1195
20020129,185000,196000,185000,191000,410
20020128,199500,199500,190500,193000,357
20020125,190000,197000,190000,195500,732
20020124,190000,195500,185000,192500,760
20020123,176000,188000,174000,188000,881
20020122,180500,182500,176000,178000,1410
20020121,180000,185500,180000,184000,440
20020118,191500,195000,182000,182000,1420
20020117,185000,190500,178000,190500,2373
20020116,186000,189000,185000,186000,520
20020115,191000,195000,183500,189000,636
20020114,192000,198000,192000,195000,1200
20020111,205000,206000,195000,198500,1170
20020110,202000,216000,200000,200000,2700
20020109,225000,239000,213000,218000,5000
20020108,191000,216000,190000,216000,5760
20020107,172500,188000,167000,188000,3975
20020104,166500,168000,164000,166500,680
20020103,170000,170500,166000,166000,310
20020102,165000,170000,165000,168000,320
20011228,165000,172000,165000,166000,640
20011227,165000,166500,163000,166000,510
20011226,165500,170000,165500,166500,1250
20011224,169000,169000,162000,167000,740
20011221,159500,174500,155000,168000,2650
20011220,160000,160000,158000,158000,490
20011219,159500,163500,158000,158500,650
20011218,159000,164000,159000,160500,520
20011217,161500,161500,155000,159000,950
20011214,159000,160500,155000,159000,870
20011213,159000,159500,157500,159500,840
20011212,160000,162000,157000,159000,690
20011211,159000,162000,159000,161500,370
20011210,162000,163000,160000,160000,400
20011207,160000,164500,159000,164000,550
20011206,162000,163000,159000,160000,680
20011205,161000,163000,159000,159000,820
20011204,160000,163000,159000,161000,280
20011203,166000,166000,160500,163000,580
20011130,159000,165000,158000,164000,780
20011129,158000,160000,156000,160000,370
20011128,168000,168000,159500,160000,1960
20011127,175000,175000,163500,167500,950
20011126,157000,171000,157000,168000,2010
20011123,153000,155500,150500,155500,1600
20011122,152500,155000,150500,153000,640
20011121,154000,154000,150500,151000,340
20011120,154500,155000,151000,151000,770
20011119,152500,154000,150000,153000,620
20011116,149000,153000,148000,152500,760
20011115,152500,155000,150500,151000,300
20011114,156000,158000,131000,155000,1160
20011113,150000,156000,150000,154000,1059
20011112,146500,152000,146000,152000,414
20011109,144000,147000,144000,146500,290
20011108,144000,146500,144000,146500,500
20011107,143000,145500,143000,144000,350
20011106,146000,146000,143500,143500,494
20011105,143000,145500,143000,145500,351
20011102,145000,146000,142500,144500,610
20011101,143000,145500,142500,145000,360
20011031,145000,148000,144000,146500,230
20011030,152000,152000,140000,144000,1110
20011029,156000,156000,151000,153000,250
20011026,156500,156500,152000,154000,420
20011025,157000,157000,152000,157000,220
20011024,157000,158000,154500,157500,520
20011023,155500,157500,155000,157000,170
20011022,157000,158000,155000,155500,160
20011019,155000,157500,155000,157500,140
20011018,156500,157500,156000,157000,203
20011017,155000,158500,155000,156500,130
20011016,161500,161500,155500,156500,310
20011015,158000,161000,156500,159000,300
20011012,156000,171000,156000,162000,900
20011011,140000,158500,140000,155500,1200
20011010,140000,141000,138500,139500,220
20011009,137000,141500,136000,140000,430
20011008,128500,139000,128500,136000,630
20011005,133000,134000,132500,133500,190
20011004,134000,135000,133000,135000,300
20010928,127000,132000,126000,131000,210
20010927,130000,130500,128000,130500,180
20010926,132000,132000,130000,132000,110
20010925,135000,135000,129500,133000,440
20010924,127500,130500,127500,128000,390
20010921,128500,131500,127500,129500,250
20010920,133000,133500,127500,130000,380
20010919,134000,135500,133000,133000,590
20010918,125500,134000,125500,131500,510
20010917,137000,137000,123000,123500,930
20010914,147000,147000,136500,140000,740
20010913,145000,152000,143000,148500,1350
20010912,143000,149000,143000,143000,1710
20010911,173500,173500,168000,168000,370
20010910,172000,172000,168000,170500,240
20010907,165000,173000,165000,173000,781
20010906,168000,172000,168000,171500,280
20010905,171000,174500,170000,170500,560
20010904,176000,180500,170000,174000,1080
20010903,181000,183500,175000,176000,2510
20010831,166000,169000,166000,168500,590
20010830,165500,169000,165500,169000,360
20010829,170000,172000,168000,170000,370
20010828,167000,174500,167000,169000,390
20010827,170500,172000,170000,172000,730
20010824,169500,170000,168000,170000,183
20010823,169500,171000,169000,169000,800
20010822,167000,170000,167000,169500,460
20010821,168500,173000,168500,170000,400
20010820,174500,174500,171500,173500,210
20010817,176500,176500,173000,174500,250
20010816,176500,176500,172000,175000,280
20010814,177500,177500,171500,173000,320
20010813,177000,177000,168000,174000,960
20010810,177000,178500,173500,175000,340
20010809,177000,177500,172500,177000,313
20010808,178500,181000,177000,179500,456
20010807,185000,185000,178000,181000,160
20010806,178000,180000,175000,180000,420
20010803,179000,179000,175500,176000,170
20010802,178500,182000,178000,180000,410
20010801,176000,179000,175500,179000,513
20010731,171000,174500,171000,174500,190
20010730,175000,175000,170000,171000,390
20010727,175000,179500,173000,175000,386
20010726,170000,176000,170000,176000,300
20010725,171000,173000,170000,170000,230
20010724,161500,175500,161500,175000,1350
20010723,175500,176000,166500,167000,830
20010720,179000,180000,175500,176000,550
20010719,186500,187000,175000,176500,2280
20010718,195000,196500,186000,187500,4910
20010716,212000,212000,196000,202000,1884
20010713,218500,220000,214000,214500,460
20010712,214000,228000,213000,219500,714
20010711,218500,218500,213000,218000,514
20010710,218500,218500,213000,217500,440
20010709,220000,223000,211500,211500,1170
20010706,215000,220000,214000,219500,910
20010705,224500,226000,217000,217000,1208
20010704,225000,228000,220000,221000,2300
20010703,233000,233000,220000,225000,2760
20010702,231000,236500,225000,233000,2120
20010629,231000,255000,228000,240000,3460
20010628,245000,253000,234500,235500,3240
20010627,270000,283000,252000,252000,4830
20010626,311000,311000,272500,296000,13180
20010625,251000,270500,251000,270500,5505
20010622,203000,235500,200000,235500,4195
20010621,206500,206500,202500,205000,340
20010620,210500,210500,205000,207000,530
20010619,210000,213000,208500,213000,580
20010618,214500,216000,211000,214000,920
20010615,222000,222000,211000,214500,1060
20010614,206000,229000,204000,218000,2560
20010613,202500,206500,202500,205000,400
20010612,202000,202500,199500,202500,590
20010611,201500,202000,200000,202000,460
20010608,201000,203500,200000,202000,680
20010607,203500,203500,198000,202000,890
20010605,207500,207500,202000,204000,940
20010604,203000,207500,199000,207500,2690
20010601,190000,205000,189000,198000,3060
20010531,189500,190000,188500,189500,740
20010530,189500,190500,189000,190000,230
20010529,190000,190500,188000,189000,1420
20010528,190000,191000,189000,191000,260
20010525,190000,191000,188500,190000,610
20010524,189000,189000,187500,187500,660
20010523,190000,191000,189000,189000,140
20010522,189000,191000,188000,188500,820
20010521,187000,189500,187000,187000,980
20010518,189500,189500,187000,187000,590
20010517,189000,193500,188000,189000,960
20010516,188000,190500,187000,189000,540
20010515,187500,190000,187000,190000,390
20010514,191000,191000,187000,187000,800
20010511,188500,191000,188500,189000,250
20010510,185500,189000,185000,188500,960
20010509,190000,190500,185000,185000,2050
20010508,192500,194000,190000,190000,1130
20010507,190500,193500,190500,192500,180
20010504,192000,193500,191000,193500,100
20010503,190000,192000,190000,192000,70
20010502,197000,197000,191000,194000,390
20010430,191000,191000,190000,190000,270
20010427,190500,190500,189000,189000,240
20010426,191000,192000,190500,192000,120
20010425,189000,195000,189000,191000,70
20010424,190000,190000,187500,190000,140
20010423,187000,191000,187000,189000,290
20010420,193000,195500,190000,190000,630
20010419,199500,199500,192000,192000,670
20010418,190000,196000,190000,195500,390
20010417,190500,193000,188000,190000,220
20010416,183000,187500,183000,187500,80
20010413,187000,188000,186000,186000,130
20010412,186000,187000,186000,187000,60
20010411,185000,187000,185000,186000,120
20010410,184500,185000,184000,185000,110
20010409,187000,187000,182500,184000,660
20010406,189000,192000,187000,187000,990
20010404,186000,190000,185500,187500,280
20010403,190000,190000,188500,189000,320
20010402,193000,193000,190000,190500,170
20010330,194000,195000,189000,193000,430
20010329,194000,195000,191500,191500,410
20010328,197000,200000,194000,194000,740
20010327,195500,198000,195000,197500,320
20010326,199000,199000,196500,199000,160
20010323,194000,197000,194000,197000,250
20010322,197500,198000,194500,197000,380
20010321,195000,197500,195000,196000,590
20010320,198000,201000,197500,198500,250
20010319,201500,201500,197000,199500,490
20010316,200000,216000,199000,201500,2480
20010315,203000,203000,195500,197000,260
20010314,196500,203000,196000,199500,384
20010313,195000,199000,195000,199000,380
20010312,206000,206000,200000,201000,1790
20010309,203500,207000,203500,205000,490
20010308,207000,207500,205000,205000,190
20010307,206000,207000,205500,205500,350
20010306,207000,208500,205500,206000,600
20010305,210000,210000,204500,210000,1560
20010302,207500,214000,206000,210000,4500
20010228,205500,207500,205500,207500,20
20010227,206500,209500,205500,209500,550
20010226,210000,210000,206000,206000,500
20010223,207500,210500,205500,205500,500
20010222,206000,209000,205000,205000,710
20010221,215000,219000,209000,209000,654
20010220,207500,213000,205500,210000,740
20010219,207000,207500,205000,207500,210
20010216,206000,210000,205500,207000,450
20010215,208500,210500,205500,207000,270
20010214,208000,209000,205000,207500,620
20010213,206000,207000,205000,207000,332
20010212,206000,207000,206000,207000,72
20010209,211000,211000,205000,209500,590
20010208,204500,207500,203500,207500,110
20010207,210000,210000,204500,206500,380
20010206,202500,208000,202000,208000,398
20010205,207000,207000,203000,203000,360
20010202,206000,209000,206000,206500,380
20010201,206500,208000,206000,207000,380
20010131,211000,211000,208000,209000,190
20010130,214000,215000,207500,209000,420
20010129,206000,212000,206000,211500,810
20010126,211000,211000,206500,206500,400
20010122,205500,211000,205000,211000,690
20010119,205000,209000,205000,205500,630
20010118,204000,209500,204000,208500,470
20010117,206500,211500,203000,211500,600
20010116,215000,216000,206500,207500,740
20010115,210000,216500,208000,209000,1340
20010112,211000,224000,207000,210000,2410
20010111,202000,224500,202000,206000,4270
20010110,200000,204000,198000,200000,1810
20010109,201000,204000,198000,204000,1220
20010108,198000,203000,194000,203000,1493
20010105,193000,201000,193000,199000,1790
20010104,199000,199000,195000,195000,1080
20010103,190000,194000,190000,191500,840
20010102,190000,194000,189500,194000,660
20001226,190000,191500,183000,189500,310
20001222,194000,199000,189000,189000,980
20001221,205000,205000,187000,192000,2280
20001220,211000,212500,205000,205000,1130
20001219,219000,219500,214000,215000,730
20001218,211500,218000,211500,218000,682
20001215,220000,220000,216000,217000,430
20001214,215000,222000,215000,218000,410
20001213,220000,222000,217000,221500,390
20001212,218500,226000,218500,218500,730
20001211,215500,223500,213000,218500,1680
20001208,210500,219500,210500,215000,1130
20001207,222000,222000,214000,215000,1400
20001206,223500,227000,221000,221500,830
20001205,230500,230500,223000,223500,1320
20001204,231500,234000,228500,230000,1014
20001201,239500,245000,233000,236500,2370
20001130,239000,257000,233000,243000,3092
20001129,229500,257000,228000,234000,5690
20001128,230000,235000,225000,226000,2141
20001127,233000,254500,232500,240000,4220
20001124,249000,252000,230000,232500,3200
20001123,232000,255000,226000,255000,6820
20001122,216000,233000,213000,222000,870
20001121,212000,215000,211000,215000,230
20001120,215000,219000,215000,215000,240
20001117,222000,222000,216000,218500,270
20001116,220000,222500,217500,222000,240
20001115,219500,223000,215000,220000,710
20001114,210000,215000,210000,213000,230
20001113,213000,215000,211000,214000,460
20001110,215000,219500,215000,217000,490
20001109,215000,222000,215000,216000,711
20001108,208000,212000,208000,210000,590
20001107,213000,214000,210000,211500,391
20001106,215000,216000,212500,214500,570
20001103,215000,217500,215000,215000,510
20001102,213000,217000,213000,215000,310
20001101,210000,214500,210000,214500,420
20001031,212500,212500,208000,210000,310
20001030,210000,215000,205000,212500,1070
20001027,208000,215000,208000,210000,1000
20001026,210500,213000,207500,208500,590
20001025,218000,218000,212000,212000,440
20001024,213500,217000,210000,215500,500
20001023,221500,221500,213000,214000,580
20001020,220500,226500,219500,220500,1550
20001019,218000,224000,218000,220000,580
20001018,223500,229000,218500,222000,850
20001017,225000,231000,221500,227000,710
20001016,230000,235000,225500,228000,760
20001013,223000,225500,220500,223500,520
20001012,228000,235000,228000,229000,380
20001011,235500,235500,231000,233500,810
20001010,233000,237000,233000,235500,470
20001009,240000,240000,237500,237500,760
20001006,242000,243000,240000,240000,320
20001005,238000,246000,238000,240500,1460
20001004,246000,246000,235000,239000,2932
20001002,247500,250000,243000,243000,480
20000929,255000,257500,250000,257500,2310
20000928,248500,255000,243500,255000,840
20000927,246000,249000,244000,246000,540
20000926,236000,246500,236000,246000,540
20000925,238000,246000,236000,246000,1100
20000922,241000,247000,233000,238000,1730
20000921,250500,265000,240000,240000,3890
20000920,250000,253000,248000,250500,520
20000919,245000,248000,240000,248000,1140
20000918,250000,250000,235000,246000,1920
20000915,255000,258000,252500,253000,740
20000914,256000,258000,247000,256000,1040
20000908,254000,258000,249000,255000,2000
20000907,256500,257000,254000,255000,770
20000906,255000,257500,252000,257000,1090
20000905,251500,252000,248000,252000,1040
20000904,251000,253000,248000,250500,880
20000901,251000,251000,246000,250000,1470
20000831,256000,256000,235000,248500,5520
20000830,255000,258000,252000,258000,1360
20000829,258000,267000,255000,258000,1300
20000828,248000,255000,248000,252000,680
20000825,253000,253000,247000,252000,840
20000824,263000,263000,245500,252000,1130
20000823,252500,264000,252500,260000,970
20000822,258000,259000,250000,251500,490
20000821,261500,266500,251000,255000,780
20000818,267000,279500,259000,261000,1500
20000817,278000,299000,261000,270000,2480
20000816,249000,278000,249000,278000,3080
20000814,239500,243500,239000,242000,500
20000811,234000,238500,234000,238500,330
20000810,238000,238000,234000,237500,1060
20000809,236000,239000,233500,237000,840
20000808,235500,240000,234500,234500,730
20000807,241500,241500,235000,235000,370
20000804,241500,242000,236500,242000,520
20000803,244000,244000,238500,242000,450
20000802,240000,243000,239500,243000,640
20000801,240000,245000,237500,242000,860
20000731,235000,249000,233000,243000,1250
20000728,244000,245000,236000,242000,830
20000727,248000,248000,242500,245000,550
20000726,247000,249000,240000,243500,780
20000725,248000,248000,242500,246000,600
20000724,259000,263000,251500,252000,2400
20000721,254500,258500,249000,258500,920
20000720,242000,251000,241000,247500,1420
20000719,245500,253000,238000,241000,1420
20000718,255000,264000,245000,249000,2270
20000714,270500,275000,256000,260000,1930
20000713,270000,278000,265000,278000,930
20000712,275000,281000,271000,272500,580
20000711,275000,287000,274000,276000,1830
20000710,290000,290000,280000,281000,1770
20000707,294500,310000,287000,296500,1590
20000706,280000,327500,274000,300000,5910
20000705,269000,285000,269000,285000,1010
20000704,280000,289000,273000,274000,1620
20000703,290000,290000,276500,286000,1240
20000630,285000,298000,282500,290000,860
20000629,280000,307000,275000,290000,5480
20000628,257500,275000,252500,267000,3400
20000627,249500,258000,245000,257500,1890
20000626,251000,253000,246000,246500,535
20000623,240500,246000,236000,245000,1410
20000622,240000,245000,239000,240500,630
20000621,248000,250000,240000,242000,720
20000620,246000,250000,240000,242000,470
20000619,240000,246000,236000,241000,690
20000616,242000,246000,235000,239000,830
20000615,252500,253000,245000,250000,670
20000614,251000,265000,251000,259000,930
20000613,261000,274000,257000,257000,1750
20000612,280000,280000,268000,268500,1420
20000609,272000,287000,272000,277000,1020
20000608,290500,302000,271000,290000,2655
20000607,299500,299500,274000,290000,2930
20000605,289500,308500,285000,300500,4450
20000602,250000,269500,240500,269500,4590
20000601,234500,234500,225000,234500,3130
20000531,245000,258000,204000,204000,3991
20000530,232000,243000,223000,240000,1110
20000529,227500,239000,223000,229000,940
20000526,240000,240000,227500,227500,970
20000525,230000,254000,230000,240500,2120
20000524,226500,228000,216000,228000,2610
20000523,240500,240500,221500,228000,2510
20000522,264000,275000,231000,243000,4450
20000519,288000,299000,256000,263000,8150
20000518,304500,305000,300000,301000,640
20000517,313000,316000,300500,305000,710
20000516,320000,323000,312000,318000,630
20000515,348000,348000,320000,320000,1200
20000512,360000,360000,334000,340000,2588
20000510,330000,330000,320000,323500,360
20000509,325500,330000,325000,325500,350
20000508,335000,335000,325000,330000,256
20000504,335000,338500,327000,330500,380
20000503,327000,340000,321000,337000,3310
20000502,334000,335000,327000,330000,508
20000428,325000,339500,325000,334000,290
20000427,334000,334000,328500,328500,232
20000426,350000,350000,337000,340000,700
20000425,363500,365000,342000,347000,150
20000424,333000,370000,333000,364500,1133
20000421,341000,344000,335000,344000,320
20000420,342500,343000,340000,343000,380
20000419,331500,358000,331500,343000,1530
20000418,325500,346000,321000,330000,1480
20000417,365000,365000,319500,320000,1590
20000414,391000,396000,375000,375000,640
20000412,400000,410000,393000,410000,460
20000411,420000,425000,402000,410000,240
20000410,420000,440000,420000,426000,360
20000407,440000,458000,420000,440000,981
20000406,425000,438000,390000,430000,981
20000404,440000,442000,403000,410000,390
20000403,480000,500000,441000,459500,1080
20000331,430000,480000,430000,480000,2360
20000330,415000,450000,402500,450000,980
20000329,430000,455000,430000,430000,330
20000328,450000,450000,435000,445000,430
20000327,410000,476500,410000,450000,820
20000324,405000,415000,400000,414500,1020
20000323,399500,410000,395500,405000,260
20000322,395000,395000,380000,390000,560
20000321,389000,390000,372000,390000,420
20000320,380000,389500,371000,389000,610
20000317,380000,389500,378000,380000,1720
20000316,400000,400000,393000,398000,200
20000315,400000,403000,392000,403000,550
20000314,392000,392000,392000,392000,30
20000313,400000,420000,352500,388000,400
20000310,415000,415000,400000,400000,150
20000309,402000,411500,401000,401000,200
20000308,381000,415000,376000,415000,230
20000307,430000,430000,400000,406000,360
20000306,420000,420000,400000,410000,150
20000303,414000,414000,400000,400000,250
20000302,400000,415000,400000,414000,1050
20000229,393000,393000,361000,383000,390
20000228,371000,371000,347000,363000,430
20000225,350000,400000,340000,367500,560
20000224,381000,381000,342000,350000,1230
20000223,365000,397000,363000,381000,1450
20000222,333000,367000,322000,346000,550
20000221,340000,340000,333000,333000,90
20000218,347000,350000,345000,345000,410
20000217,347000,347000,347000,347000,0
20000216,360000,360000,345000,345000,190
20000215,352500,352500,350000,350000,80
20000214,360000,365000,349000,349000,70
20000211,385000,385000,370000,370000,80
20000210,390000,390000,385000,385500,260
20000209,394000,397000,385000,397000,100
20000208,429500,429500,390500,393000,150
20000207,400000,439000,400000,430000,610
20000203,381000,393000,381000,392000,120
20000202,379000,388000,379000,381000,160
20000201,368000,380000,368000,378000,210
20000131,368000,374500,360000,360000,130
20000128,368000,368000,368000,368000,10
20000127,364000,364000,360000,360000,20
20000126,360000,364000,360000,364000,50
20000125,364000,364000,364000,364000,100
20000124,360000,365000,331000,365000,120
20000121,350500,350500,350500,350500,30
20000120,353500,360000,337000,350500,330
20000119,370500,370500,361000,362000,210
20000118,372000,380000,371500,371500,150
20000117,415000,415000,373000,373500,190
20000114,381000,390000,381000,390000,100
20000113,370000,421500,370000,385000,510
20000112,380000,380000,372500,380000,220
20000111,371000,380000,370000,380000,240
20000110,384000,384500,372000,372500,100
20000107,370000,381000,370000,381000,300
20000106,372500,372500,370000,370000,40
20000105,385000,385000,378000,378500,70
20000104,454000,454000,382000,399000,80
19991228,391000,399500,390500,399500,250
19991227,380000,404000,380000,404000,300
19991224,381000,381000,380000,381000,124
19991223,380000,383000,376000,383000,530
19991222,380000,381000,380000,381000,380
19991221,381000,382000,380000,380000,500
19991220,380000,381500,380000,381000,350
19991217,389000,394000,381000,382000,350
19991216,381000,383000,380000,380000,370
19991215,382000,385000,379500,381000,2170
19991214,392000,404500,382000,382000,530
19991213,380000,391000,370000,390000,1690
19991210,371500,385000,371500,380000,610
19991209,370000,385000,360000,385000,1540
19991208,375000,383000,370000,370000,310
19991207,390500,395000,375000,385000,1130
19991206,390000,400000,385000,390500,790
19991203,400000,400000,390000,400000,180
19991202,400000,415000,400000,400000,850
19991201,401000,436000,387000,400000,240
19991130,375000,435000,375000,401000,650
19991129,388000,400000,372000,400000,1280
19991126,402000,414000,382000,382000,420
19991125,408000,420000,408000,415500,170
19991124,426000,433000,421000,421000,342
19991123,445000,445000,420000,430000,590
19991122,435000,441000,431000,441000,100
19991119,435000,443000,435000,443000,360
19991118,435000,438500,430000,438500,620
19991117,415000,430000,415000,429000,370
19991116,400000,435000,400000,408000,650
19991115,438000,450000,431000,434500,460
19991112,470000,470000,456000,457000,850
19991111,452000,470000,432000,470000,1330
19991110,440000,469000,438000,454000,1513
19991109,425000,429000,414000,429000,660
19991108,406000,445000,406000,430000,1437
19991105,395000,410000,390000,405000,1810
19991104,401000,410000,382500,383000,3830
19991103,400500,408000,386000,400000,996
19991102,380000,394000,380000,390000,1390
19991101,386500,405000,370000,370000,2500
19991029,395000,440000,380000,380000,1150
19991028,406500,406500,385000,395000,1410
19991027,406500,406500,406500,406500,20
19991026,406500,406500,406500,406500,0
19991025,415000,415500,406500,406500,90
19991022,435500,435500,415000,415000,40
19991021,438000,438000,435500,435500,90
19991020,438000,438000,435000,437000,880
19991019,435000,435000,435000,435000,0
19991018,440000,440000,435000,435000,20
19991015,450000,455000,441000,455000,150
19991014,450000,455000,441000,441000,320
19991013,450000,450000,450000,450000,10
19991012,440000,450000,440000,450000,360
19991011,455000,460000,440000,440000,140
19991008,450000,450000,450000,450000,260
19991007,486000,486000,470000,480000,60
19991006,495000,495000,485000,485000,240
19991005,469000,485000,469000,485000,70
19991004,440000,450000,440000,442000,130
19991001,495000,495000,421000,421000,270
19990930,495000,495000,495000,495000,110
19990929,497000,497000,495000,495000,40
19990928,498000,498000,495000,495000,540
19990927,500000,500000,500000,500000,10
19990922,514000,514000,514000,514000,10
19990921,515000,515000,515000,515000,110
19990920,520000,520000,493000,493000,140
19990917,491000,510000,490000,509000,130
19990916,520000,520000,510000,510000,100
19990915,530000,530000,515000,522000,560
19990914,515000,515000,510000,515000,110
19990913,489000,510000,489000,510000,210
19990910,500000,505000,500000,505000,120
19990909,481000,499000,478000,499000,120
19990908,485000,485000,476000,478000,160
19990907,510000,510000,510000,510000,10
19990906,525000,525000,496000,496000,360
19990903,479000,500000,479000,500000,50
19990902,495000,500000,487000,487000,70
19990901,504000,510000,493000,510000,380
19990831,526000,526000,493000,493000,760
19990830,540000,541000,539000,540000,270
19990827,550000,550000,533000,533000,330
19990826,550000,550000,530000,547000,280
19990825,595000,595000,535000,556000,114
19990824,520000,520000,520000,520000,0
19990823,525000,525000,515000,520000,200
19990820,540000,540000,515000,525000,510
19990819,541000,541000,541000,541000,10
19990818,570000,570000,561000,561000,30
19990817,570000,578000,561000,578000,90
19990816,570000,570000,570000,570000,10
19990813,570000,570000,570000,570000,20
19990812,570000,570000,570000,570000,0
19990811,574000,579000,568000,570000,200
19990810,570000,570000,570000,570000,340
19990809,560000,571000,560000,562000,190
19990806,580000,580000,570000,570000,670
19990805,571000,615000,571000,590000,80
19990804,611000,611000,610000,610000,180
19990803,610000,610000,610000,610000,680
19990802,612000,618000,590000,610000,180
19990730,635000,655000,610000,655000,130
19990729,626000,626000,626000,626000,10
19990728,667000,667000,661000,661000,80
19990727,630000,640000,623000,640000,190
19990726,614000,640000,613000,640000,1020
19990723,625000,640000,613000,613000,580
19990722,615000,640000,615000,620000,1240
19990721,680000,680000,615000,615000,90
19990720,670000,670000,660000,660000,420
19990719,675000,683000,665000,670000,390
19990716,660000,673000,660000,673000,30
19990715,601000,675000,601000,675000,120
19990714,680000,695000,670000,680000,560
19990713,685000,685000,676000,680000,360
19990712,671000,695000,670000,680000,500
19990709,656000,680000,655000,670000,260
19990708,662000,675000,660000,675000,180
19990707,675000,679000,650000,676000,1170
19990706,681000,690000,675000,676000,270
19990705,681000,720000,681000,699000,450
19990702,681000,681000,681000,681000,2240
19990701,696000,798000,593000,593000,1980
19990630,681000,697000,656000,697000,280
19990629,705000,710000,705000,710000,20
19990628,697000,719000,680000,710000,580
19990625,653000,697000,650000,697000,1190
19990624,660000,759000,636000,653000,630
19990623,660000,680000,660000,660000,60
19990622,657000,690000,657000,684000,160
19990621,697000,697000,657000,657000,160
19990618,720000,720000,670000,670000,470
19990617,640000,657000,630000,650000,340
19990616,639000,650000,631000,640000,130
19990615,625000,626000,600000,620000,190
19990614,650000,680000,650000,660000,460
19990611,555000,690000,555000,650000,2060
19990610,600000,608000,587000,600000,630
19990609,609000,609000,583000,583000,700
19990608,642000,643000,611000,611000,250
19990607,611000,680000,611000,670000,1070
19990604,605000,610000,605000,610000,60
19990603,620000,620000,583000,589000,360
19990602,639000,640000,600000,620000,2180
19990601,552000,629000,540000,600000,1940
19990531,534000,552000,534000,550000,140
19990528,540000,540000,531000,532000,60
19990527,550000,582000,549000,552000,1020
19990526,520000,539000,520000,520000,40
19990525,520000,548000,515000,548000,550
19990524,485000,500000,482000,500000,380
19990521,480000,498500,480000,498500,120
19990520,485500,500000,480000,480000,530
19990519,501000,502000,482000,482000,260
19990518,481000,495000,480000,482000,700
19990517,508000,510000,485000,485000,430
19990514,529000,529000,500000,509000,260
19990513,539000,546000,502000,502000,620
19990512,572000,589000,526000,526000,320
19990511,600000,630000,572000,572000,760
19990510,526000,604000,518000,604000,1050
19990507,510000,526000,506000,526000,710
19990506,478000,529000,478000,501000,2190
19990504,456000,478500,456000,461000,220
19990503,470000,470000,455000,455500,370
19990430,472000,478500,450000,450000,560
19990429,500000,502000,470000,480000,870
19990428,481000,509000,478000,500000,1250
19990427,491000,491000,465000,478000,400
19990426,486000,486000,479000,481000,600
19990423,489000,490000,479000,479000,660
19990422,496000,496000,470000,472000,440
19990421,490000,508000,480000,480000,1250
19990420,480000,510000,480000,490000,2285
19990419,488000,488000,469000,480000,1940
19990416,450000,480000,449000,468500,880
19990415,446000,451000,441000,445000,510
19990414,447500,456000,447500,447500,210
19990413,448000,450000,440000,449000,270
19990412,435000,450000,435000,450000,280
19990409,450000,450000,445000,445000,170
19990408,460000,460000,442000,443000,280
19990407,453000,453000,442000,442000,210
19990406,440000,451000,440000,450000,680
19990402,440000,460000,440000,447500,630
19990401,430000,460000,430000,445000,520
19990331,435000,456000,422000,422000,610
19990330,411000,430000,411000,430000,490
19990329,395500,407000,395500,407000,270
19990326,394000,400000,394000,395500,90
19990325,403000,405000,393000,393000,270
19990324,390500,400000,377000,393000,620
19990323,385500,406000,385500,406000,620
19990322,375500,400000,375500,390000,380
19990319,398000,399000,372000,372000,150
19990318,376000,400000,376000,379000,290
19990317,400000,400000,382000,398000,110
19990316,400000,400000,400000,400000,30
19990315,401000,404000,399000,399000,60
19990312,400000,405000,400000,401000,160
19990311,390000,401500,382000,399000,610
19990310,390000,390000,390000,390000,0
19990309,399000,400000,381000,400000,110
19990308,419000,419000,390000,401000,250
19990305,380000,405000,380000,400000,450
19990304,401000,408000,388000,389000,130
19990303,418500,418500,392500,410000,100
19990302,367500,419000,367000,419000,340
19990226,375000,375000,366000,366000,70
19990225,370500,385000,365500,365500,170
19990224,365000,365000,360000,365000,40
19990223,370000,370000,353000,360000,3370
19990222,370000,370000,368000,370000,320
19990219,354000,372000,354000,365000,460
19990218,370000,370000,353000,369000,80
19990212,374000,374000,366000,370000,200
19990211,376000,376000,365000,368000,100
19990210,374000,376000,374000,376000,20
19990209,373500,380000,373500,380000,80
19990208,375000,389000,364000,374000,280
19990205,372000,373000,364000,364000,230
19990204,358500,372000,358500,372000,520
19990203,363000,365000,355000,358500,450
19990202,370000,370500,355000,363000,220
19990201,351000,367500,351000,363000,5210
19990129,360000,360000,350000,351000,670
19990128,374000,374000,360000,374000,100
19990127,369000,374000,369000,374000,400
19990126,369000,373000,368000,369000,6830
19990125,370000,370000,353000,368000,370
19990122,372500,372500,363000,370000,390
19990121,401000,401000,371000,372500,270
19990120,370000,400000,360000,400000,10910
19990119,370000,382000,360000,360000,9870
19990118,392000,392000,348000,362000,1400
19990115,400000,400000,400000,400000,30
19990114,399000,405000,399000,404500,8700
19990113,398000,399000,398000,399000,40
19990112,409000,415000,398000,398000,210
19990111,399000,399000,395000,398000,1000
19990108,395000,400000,386000,400000,320
19990107,400000,400000,398000,400000,11600
19990106,400000,402000,398000,398000,9080
19990105,403000,414000,397500,397500,90
19990104,420000,420000,420000,420000,20
19981228,407000,407000,407000,407000,310
19981224,406000,410000,406000,406000,8670
19981223,400500,406000,390000,406000,180
19981222,410000,410000,400000,400500,9080
19981221,398000,415000,398000,400000,8830
19981218,393000,440000,390000,398000,2730
19981217,381000,405000,381000,390000,8680
19981216,411000,450000,380000,380000,2310
19981215,405000,430000,350000,430000,3510
19981214,396000,409000,385000,400000,6360
19981211,420000,426000,374000,374000,960
19981210,411000,420000,410000,420000,230
19981209,423000,423000,404000,415000,140
19981208,430000,430000,400000,429000,10810
19981207,398500,436000,398000,420000,590
19981205,350000,392000,350000,380000,620
19981204,353000,353000,346000,350000,390
19981203,352000,353000,352000,353000,60
19981202,353000,365000,353000,363000,50
19981201,345000,365000,343000,365000,140
19981130,389000,389000,335000,350000,210
19981128,350000,351000,350000,350000,10200
19981127,350000,351000,350000,351000,9490
19981126,341000,350000,340000,350000,1760
19981125,360000,360000,351000,351000,80
19981124,364500,364500,340000,350000,190
19981123,360000,369000,360000,365000,40
19981121,340000,340000,334000,334000,40
19981120,360000,363000,333000,333000,160
19981119,345000,358000,341000,358000,460
19981118,330000,343000,330000,340000,220
19981117,326000,330000,325000,325000,100
19981116,330000,335000,325000,325000,420
19981114,325000,325000,325000,325000,480
19981113,330000,330000,325000,325000,280
19981112,325000,330000,325000,330000,20
19981111,320000,325000,320000,325000,70
19981110,326000,326000,300000,315000,250
19981109,325000,327000,325000,325000,240
19981107,325000,325000,325000,325000,70
19981106,330000,340000,330000,330000,150
19981105,330000,330000,330000,330000,10
19981104,328000,330000,328000,330000,120
19981103,354000,354000,325000,327000,220
19981102,330500,335500,320000,335500,160
19981031,356000,356000,356000,356000,20
19981030,334500,367000,334500,356000,150
19981029,330000,335000,330000,335000,50
19981028,320000,330000,320000,330000,110
19981027,352000,359000,350000,359000,100
19981026,396000,396000,396000,396000,0
19981024,397000,397000,397000,397000,0
19981023,398000,398000,398000,398000,0
19981022,418500,418500,418500,418500,10
19981021,418500,418500,418500,418500,10
19981020,374000,374000,374000,374000,0
19981019,374000,374000,374000,374000,0
19981017,374000,374000,374000,374000,30
19981016,374000,389000,367000,367000,50
19981015,360000,374000,360000,374000,100
19981014,360000,360000,360000,360000,0
19981013,360000,360000,360000,360000,0
19981012,327000,367000,327000,367000,20
19981010,368000,368000,368000,368000,0
19981009,369000,369000,369000,369000,0
19981008,369000,369000,369000,369000,0
19981007,370000,370000,370000,370000,50
19981002,334500,378000,334500,373000,60
19981001,380000,380000,380000,380000,0
19980930,343000,387000,343000,384500,380
19980929,369000,389000,369000,389000,350
19980928,365000,370000,365000,369000,320
19980926,370000,370000,370000,370000,100
19980925,350000,365000,350000,365000,60
19980924,340000,367000,340000,367000,180
19980923,330000,340000,330000,330000,70
19980922,347000,347000,320000,340000,1200
19980921,310000,310000,310000,310000,1680
19980919,295000,299000,295000,299000,20
19980918,350000,350000,330000,330000,50
19980917,329000,329000,329000,329000,0
19980916,330000,330000,330000,330000,0
19980915,312000,330000,312000,330000,60
19980914,312000,312000,312000,312000,0
19980912,312000,312000,312000,312000,0
19980911,312000,312000,312000,312000,10
19980910,350000,350000,330500,330500,60
19980909,345000,355000,310000,350000,1170
19980908,345000,345000,345000,345000,0
19980907,345000,345000,345000,345000,0
19980905,349000,349000,349000,349000,0
19980904,368000,368000,350000,350000,160
19980903,320000,340000,320000,340000,2100
19980902,328000,328000,328000,328000,0
19980901,339000,339500,339000,339000,90
19980831,280000,303500,280000,303500,40
19980829,271000,271000,271000,271000,10
19980828,291000,291000,291000,291000,20
19980827,292000,295000,292000,295000,20
19980826,299000,299000,295500,295500,20
19980825,290000,295000,290000,292000,310
19980824,290000,290000,290000,290000,240
19980822,320000,320000,320000,320000,0
19980821,320000,320000,320000,320000,0
19980820,290000,320000,290000,320000,160
19980819,320000,320000,320000,320000,10
19980818,300000,310000,300000,310000,4230
19980817,300000,300000,290000,300000,1860
19980814,300000,300000,300000,300000,0
19980813,300000,300000,300000,300000,10
19980812,290000,300000,290000,300000,120
19980811,290000,290000,290000,290000,1280
19980810,320000,320000,320000,320000,10
19980808,286000,320000,286000,320000,60
19980807,320000,325000,276000,325000,230
19980806,310000,310000,310000,310000,10
19980805,320000,320000,310000,310000,190
19980804,311000,311000,311000,311000,1320
19980803,320000,320000,320000,320000,20
19980801,320000,320000,320000,320000,0
19980731,320000,320000,320000,320000,100
19980730,320000,320000,320000,320000,0
19980729,320000,320000,320000,320000,0
19980728,320000,320000,320000,320000,170
19980727,330000,330000,330000,330000,150
19980725,340000,340000,340000,340000,0
19980724,340000,340000,340000,340000,0
19980723,340000,340000,340000,340000,0
19980722,340000,340000,340000,340000,0
19980721,340000,340000,340000,340000,0
19980720,345000,345000,345000,345000,0
19980718,345000,345000,345000,345000,0
19980716,345000,345000,345000,345000,0
19980715,345000,345000,345000,345000,0
19980714,340000,354500,340000,354500,70
19980713,370000,389000,355500,355500,490
19980711,350000,350000,350000,350000,0
19980710,370000,370000,350000,350000,1110
19980709,340000,340500,340000,340500,130
19980708,340000,340000,339000,340000,620
19980707,340000,340000,331000,340000,320
19980706,330500,340000,330000,330500,380
19980704,339500,339500,339500,339500,10
19980703,330000,330500,330000,330500,320
19980702,320000,320000,320000,320000,0
19980701,320000,320000,320000,320000,0
19980630,318000,349000,318000,320000,1930
19980629,286000,320000,286000,320000,80
19980627,317500,317500,317500,317500,70
19980626,317500,317500,317500,317500,0
19980625,317500,317500,317500,317500,0
19980624,285500,320000,285500,320000,300
19980623,324000,324000,324000,324000,0
19980622,324000,324000,324000,324000,0
19980620,324000,324000,324000,324000,0
19980619,324000,324000,324000,324000,0
19980618,304000,340000,304000,340000,290
19980617,308000,308000,304000,304000,320
19980616,251000,280000,251000,275000,130
19980615,251000,251000,251000,251000,50
19980613,251000,251000,251000,251000,0
19980612,260000,260000,250000,251000,160
19980611,269500,269500,260000,260000,140
19980610,288000,288000,288000,288000,0
19980609,289000,289000,289000,289000,0
19980608,280000,290000,270000,290000,780
19980605,271000,271000,271000,271000,50
19980603,270000,275500,270000,271000,190
19980602,272000,272000,272000,272000,0
19980601,269500,275000,269500,270000,1160
19980530,272000,272000,272000,272000,20
19980529,272000,272000,268000,272000,710
19980528,270000,275000,268000,272000,1460
19980527,268000,284500,268000,268000,1110
19980526,306000,306000,304500,304500,240
19980525,345500,345500,345500,345500,0
19980523,320000,350000,320000,350000,90
19980522,323000,323000,320000,320000,70
19980521,322000,323000,320000,322000,1350
19980520,322000,322000,320000,322000,1140
19980519,312000,320000,312000,320000,2060
19980518,310000,313000,310000,310000,2060
19980516,310000,310000,310000,310000,10
19980515,312000,312000,310000,310000,110
19980514,348000,348000,348000,348000,0
19980513,350000,350000,350000,350000,0
19980512,356000,356000,356000,356000,40
19980511,357000,357000,357000,357000,0
19980509,357500,357500,357500,357500,20
19980508,324500,324500,324500,324500,0
19980507,325000,325000,320000,325000,600
19980506,325000,325000,324500,325000,1010
19980504,327500,327500,325000,325000,800
19980502,327500,327500,327500,327500,10
19980430,363000,363000,363000,363000,510
19980429,363000,363000,363000,363000,0
19980428,363000,363500,363000,363500,870
19980427,363000,363500,363000,363500,270
19980425,375000,375000,375000,375000,0
19980424,375000,375000,375000,375000,0
19980423,375000,375000,375000,375000,0
19980422,380000,380000,375000,375000,510
19980421,380000,380000,380000,380000,50
19980420,400000,400000,400000,400000,0
19980418,400000,400000,400000,400000,50
19980417,376000,376000,376000,376000,1100
19980416,398500,398500,398500,398500,0
19980415,370000,400000,370000,400000,110
19980414,361000,361000,361000,361000,30
19980413,400000,400000,400000,400000,0
19980411,410000,410000,410000,410000,0
19980410,410000,410000,410000,410000,0
19980409,410000,410000,410000,410000,0
19980408,410000,410000,410000,410000,170
19980407,410000,410000,410000,410000,40
19980406,410000,410000,410000,410000,0
19980404,410000,410000,410000,410000,0
19980403,415000,415000,415000,415000,520
19980402,415000,415000,415000,415000,590
19980401,429500,429500,416000,416000,200
19980331,415000,430000,415000,430000,230
19980330,415000,420000,415000,420000,160
19980328,415000,430000,415000,430000,110
19980327,415000,416000,415000,415000,1310
19980326,415000,416000,415000,415000,440
19980325,415000,415000,415000,415000,130
19980324,425000,425000,415000,415000,480
19980323,420000,430000,415000,415000,690
19980321,410000,420000,410000,420000,330
19980320,406000,420000,404000,411000,690
19980319,404000,420000,390000,404000,7390
19980318,390000,405000,390000,404000,2700
19980317,396500,396500,396500,396500,50
19980316,396500,398000,396500,398000,180
19980314,396500,404000,396500,404000,220
19980313,385000,385000,385000,385000,10
19980312,382000,420000,382000,420000,560
19980311,390000,395000,390000,395000,230
19980310,380000,395000,370000,395000,260
19980309,385500,400000,370000,370000,6700
19980307,386000,386000,385500,385500,210
19980306,390000,405000,385000,385000,1930
19980305,380000,400000,370500,370500,670
19980304,388000,388000,388000,388000,5030
19980303,385000,387000,360500,387000,5950
19980302,380000,384000,334000,384000,7630
19980228,361000,380000,360000,379000,350
19980227,355000,372500,355000,365000,870
19980226,332000,345000,332000,345000,140
19980225,352000,352000,344000,345000,50
19980224,360000,360000,351000,352000,8220
19980223,380000,380000,350000,350000,4160
19980221,380000,380000,376000,380000,11700
19980220,380000,385000,376000,380000,610
19980219,365000,373000,352000,372000,1150
19980218,345000,350000,345000,350000,90
19980217,345000,345000,344000,345000,130
19980216,342000,364000,340000,364000,90
19980214,365000,366000,360000,365000,160
19980213,380000,380000,365000,379000,40
19980212,365000,380000,365000,365000,390
19980211,383500,383500,380000,380000,5020
19980210,384000,385000,370000,383500,5470
19980209,385500,395000,380000,384000,120
19980207,390000,398500,380000,398500,400
19980206,385000,391000,385000,391000,5470
19980205,385000,409000,385000,385000,7160
19980204,385000,415500,385000,385000,6540
19980203,395000,421000,385000,385000,971
19980202,395000,395000,364000,390000,6080
19980131,403500,403500,395000,395000,2670
19980130,374000,374000,374000,374000,50
19980126,346500,346500,346000,346500,1350
19980124,321000,321000,321000,321000,10
19980123,330000,331000,330000,331000,320
19980122,340000,350000,335000,350000,2080
19980121,329000,333000,320000,333000,2910
19980120,320000,320000,310000,310000,400
19980119,315000,330000,315000,320000,800
19980117,300000,310000,300000,310000,70
19980116,325000,330000,300000,300000,390
19980115,320000,325000,300000,325000,640
19980114,320500,320500,320500,320500,0
19980113,320500,320500,320500,320500,0
19980112,335000,335000,320000,320500,2540
19980110,290500,335000,290500,320000,4990
19980109,300000,311000,290000,311000,3840
19980108,300000,305000,300000,305000,40
19980107,302000,315000,302000,310000,540
19980106,302000,302000,302000,302000,0
19980105,302000,302000,302000,302000,10
19980103,284500,325000,284500,325000,150
19971227,299031,317969,299031,308998,390
19971226,311989,312985,299031,299031,1190
19971224,290060,299031,280092,290060,330
19971223,299031,299031,290060,290060,90
19971222,314979,314979,314979,314979,40
19971220,318966,318966,318966,318966,10
19971219,338901,338901,328934,336908,1230
19971217,318966,318966,318966,318966,30
19971216,338901,344384,318966,338901,660
19971215,318966,318966,318966,318966,450
19971213,318966,318966,318966,318966,10
19971212,319464,319464,319464,319464,40
19971211,353853,353853,338901,346875,200
19971210,338901,357840,323950,357840,520
19971209,316972,342888,315477,342888,160
19971208,313982,342888,313982,342888,130
19971206,338901,338901,338901,338901,0
19971205,348869,365814,348869,349367,2420
19971204,333917,338901,333917,338901,500
19971203,298034,318966,298034,318966,100
19971202,331924,331924,313982,323950,4330
19971201,283581,331924,283581,331924,7990
19971129,289063,308001,289063,308001,60
19971128,299031,299031,281089,289063,4040
19971127,313982,313982,293548,299031,190
19971126,314979,318966,313982,318966,160
19971125,313982,333917,289063,333917,180
19971124,317969,317969,308998,313982,790
19971122,317969,317969,317969,317969,50
19971121,317969,317969,314979,317969,780
19971120,313982,317969,313982,317969,90
19971119,305011,305011,305011,305011,0
19971118,299031,300027,299031,300027,420
19971117,302021,302021,302021,302021,20
19971115,304014,304014,304014,304014,0
19971114,300027,300027,300027,300027,500
19971113,300027,300027,289063,300027,230
19971112,301024,301024,300027,300027,130
19971111,300027,300027,300027,300027,10
19971110,318966,318966,318966,318966,90
19971108,318966,318966,318966,318966,0
19971107,318966,319963,317969,319963,770
19971106,318966,318966,318966,318966,0
19971105,336908,336908,310992,310992,240
19971104,314979,336908,314979,336908,40
19971103,311490,337905,311490,337905,150
19971101,337905,337905,337905,337905,0
19971031,338901,338901,304014,338901,8740
19971030,298532,321458,294047,321458,390
19971029,285076,298034,285076,298034,110
19971028,284079,308998,280092,308998,230
19971027,308998,308998,304014,304014,60
19971025,339898,339898,318966,319464,90
19971024,349866,349866,339898,339898,60
19971023,349367,349367,349367,349367,10
19971022,348869,348869,348869,348869,100
19971021,358338,358338,358338,358338,30
19971020,375782,375782,358837,358837,820
19971018,354850,376779,354850,376779,29260
19971017,368804,373788,348869,358837,200
19971016,358837,378772,357840,378772,101407
19971015,358837,358837,358837,358837,300
19971014,363821,363821,363821,363821,200
19971013,353853,353853,353853,353853,30
19971011,338901,350863,338901,350863,310
19971010,339898,351859,339898,340396,260
19971009,343885,343885,339898,339898,260
19971008,343885,343885,343885,343885,300
19971007,343885,344882,343885,343885,150
19971006,357840,357840,344882,344882,300
19971004,363821,363821,363821,363821,0
19971002,367808,367808,367808,367808,0
19971001,368804,368804,368804,368804,0
19970930,373788,373788,373788,373788,200
19970929,363821,363821,363821,363821,10
19970927,348869,366811,348869,363821,210
19970926,380766,380766,368804,368804,4850
19970925,368804,380766,353853,368804,9450
19970924,343885,353853,343885,353853,520
19970923,343885,343885,343885,343885,60
19970922,343885,343885,343885,343885,310
19970920,343885,343885,343885,343885,120
19970919,342888,343885,342390,343885,140
19970918,338901,352856,338901,338901,240
19970913,348869,352856,338901,352856,320
19970912,348869,348869,347872,347872,150
19970911,343885,351859,343885,348869,180
19970910,329930,343885,329930,343885,1070
19970909,338901,343885,338901,343885,140
19970908,340895,348869,338901,338901,190
19970906,338901,338901,338901,338901,150
19970905,338901,340396,338901,340396,30
19970904,351859,351859,338901,338901,40
19970903,357840,357840,338901,338901,190
19970902,340895,348869,330429,348869,330
19970901,367309,367309,340895,358837,300
19970830,368804,368804,367808,367808,210
19970829,368306,373788,361827,368804,180
19970828,373788,373788,368804,368804,120
19970827,368804,377775,368804,371795,280
19970826,368804,368804,368804,368804,110
19970825,363821,364817,361827,363821,1800
19970823,373290,374287,358837,358837,100
19970822,363821,374287,358837,374287,170
19970821,378772,378772,363821,373788,290
19970820,387245,387245,369801,378274,140
19970819,357840,365814,357840,358837,190
19970818,368804,373788,357840,357840,1260
19970816,378772,378772,378772,378772,40
19970814,363821,383756,363821,378772,1860
19970813,356843,363821,353853,358837,2330
19970812,348869,353853,338901,349866,1340
19970811,338901,353853,338901,353853,250
19970809,329930,358837,329930,358837,500
19970808,329930,347374,328934,347374,460
19970807,349367,351859,331924,338901,280
19970806,333917,353853,333917,353853,50
19970805,331924,331924,331924,331924,900
19970804,332921,332921,328934,331924,100
19970802,332921,332921,332921,332921,0
19970801,328934,331924,328934,331924,200
19970731,331924,338901,330429,331924,190
19970730,338901,338901,331924,331924,130
19970729,331426,353853,328934,353853,1250
19970728,346875,346875,330429,331426,460
19970726,338901,358837,338901,358837,90
19970725,338901,339400,338901,338901,80
19970724,328934,331924,328934,331924,210
19970723,328934,331924,328934,331924,20
19970722,328934,328934,328934,328934,300
19970721,319963,339400,319963,339400,400
19970719,338901,338901,338901,338901,10
19970718,343885,358837,338901,358837,260
19970716,348869,348869,348869,348869,220
19970715,353853,353853,348869,348869,110
19970714,363821,363821,348869,348869,710
19970712,358837,363821,348869,363821,200
19970711,338901,358837,338901,358837,120
19970710,328934,338901,328934,338901,340
19970709,333917,333917,328934,328934,140
19970708,330927,338901,330927,333917,230
19970707,339898,343885,329930,338901,110
19970705,343885,343885,343885,343885,30
19970704,343885,343885,338901,338901,220
19970703,348869,348869,343885,343885,90
19970702,348869,348869,348869,348869,360
19970701,348869,349866,348869,348869,150
19970630,348869,348869,348869,348869,160
19970628,348869,348869,348869,348869,130
19970627,351859,357840,348869,348869,230
19970626,348869,356843,348869,356843,170
19970625,360830,363821,350863,350863,110
19970624,353853,362824,348869,362824,50
19970623,350863,363821,348869,363821,170
19970621,367808,367808,367808,367808,0
19970620,348869,368804,348869,368804,630
19970619,358837,363821,358837,363821,90
19970618,358837,367808,358837,367808,110
19970617,358837,358837,358837,358837,110
19970616,371795,371795,358837,358837,20
19970614,348869,375782,348869,357840,1010
19970613,358837,358837,357840,357840,170
19970612,358837,368804,358837,368804,1250
19970611,368804,368804,348869,368804,380
19970610,368804,368804,368804,368804,60
19970609,378772,378772,363821,363821,930
19970607,389737,393724,388740,393724,320
19970605,379769,398708,378772,378772,1570
19970604,373788,378772,373788,375782,200
19970603,363821,368804,363821,368804,600
19970602,363821,368804,359335,359335,170
19970531,368804,368804,368804,368804,20
19970530,368804,378772,368804,368804,240
19970529,368804,368804,363821,363821,1150
19970528,368804,368804,363821,363821,1420
19970527,359335,368804,359335,368804,600
19970526,368804,368804,358837,359335,320
19970524,368804,368804,368804,368804,10
19970523,362824,368804,356843,368804,230
19970522,358837,359335,353853,359335,440
19970521,353853,368804,352856,368804,460
19970520,358837,368804,348869,368804,710
19970519,385749,385749,368804,368804,60
19970517,368804,385749,359833,385749,110
19970516,368804,368804,368804,368804,0
19970515,368804,368804,368804,368804,20
19970513,368804,378772,368804,378772,210
19970512,368804,378772,368804,378772,50
19970510,368804,368804,368804,368804,10
19970509,378772,379270,368804,368804,190
19970508,378772,378772,378772,378772,0
19970507,374785,380267,374785,378772,650
19970506,394720,394720,394720,394720,30
19970503,394720,394720,394720,394720,10
19970502,383756,394720,381762,394720,420
19970430,398708,398708,393724,394720,670
19970429,408675,418145,406682,406682,40
19970428,427614,427614,415653,418145,3190
19970426,427614,427614,427614,427614,10
19970425,413659,428611,413659,428611,370
19970424,413659,413659,413659,413659,670
19970423,426617,426617,423627,423627,1030
19970422,427614,427614,427614,427614,0
19970421,428611,436585,428611,436585,970
19970419,436585,436585,436585,436585,0
19970418,428611,438578,420636,438578,3360
19970417,406682,418643,406682,418643,1640
19970416,395219,406682,393724,406682,670
19970415,401698,408675,393724,393724,370
19970414,399704,408675,398708,398708,320
19970412,388740,403691,387743,398708,1100
19970411,393724,398708,383756,388740,240
19970410,408675,408675,388740,393724,830
19970409,398708,418643,393724,408675,1390
19970408,398708,398708,393724,393724,290
19970407,417646,417646,398708,398708,70
19970404,417646,417646,398708,417646,230
19970403,433594,462501,418643,418643,2530
19970402,446552,458514,436585,448546,660
19970401,438578,472468,438578,458514,3180
19970331,404688,438578,404688,438578,1520
19970329,453530,455523,392228,438578,3680
19970328,408675,425122,408675,425122,3130
19970327,364817,393724,358837,393724,3110
19970326,367808,367808,364817,364817,1100
19970325,353853,367808,353853,367808,340
19970324,373788,387743,353853,353853,1230
19970322,387743,388740,363821,373788,2700
19970321,349866,368804,338901,368804,3220
19970320,368804,368804,349866,349866,2750
19970319,359833,370798,359833,363821,2320
19970318,364817,364817,343885,359833,950
19970317,344882,364817,344882,364817,1940
19970315,336908,338901,320959,338901,510
19970314,358338,358338,338901,338901,980
19970313,388740,393724,358837,358837,2340
19970312,338901,365814,338901,365814,2190
19970311,321956,338901,321956,338901,1700
19970310,312985,323950,312985,318966,600
19970308,314979,314979,313982,313982,200
19970307,316972,316972,313982,313982,210
19970306,313982,318966,313982,313982,560
19970305,308998,318966,308998,318966,380
19970304,328934,328934,308998,308998,190
19970303,336908,336908,320959,320959,1200
19970228,299031,311989,289063,311989,53140
19970227,286072,289063,286072,289063,200
19970226,284079,289063,284079,285076,510
19970225,295542,295542,282085,292053,220
19970224,296040,299031,296040,296040,120
19970222,296040,296040,289063,296040,60
19970221,308998,308998,290060,296040,380
19970220,303516,304014,303516,303516,360
19970219,300027,308998,300027,303516,260
19970218,316972,316972,308998,313982,190
19970217,323950,328934,316972,316972,450
19970215,316972,318966,308998,318966,470
19970214,306008,316972,299031,316972,2220
19970213,313982,313982,306008,306008,260
19970212,318966,318966,314480,318468,740
19970211,318966,323950,308998,313982,1350
19970210,304014,318966,304014,313982,630
19970206,300027,302021,298034,301522,500
19970205,305011,312985,300027,300027,2160
19970204,299031,308998,290060,300027,3970
19970203,290060,303018,289063,290060,3100
19970201,298034,298034,289063,290060,260
19970131,295043,295043,291056,291056,140
19970130,280092,296539,275108,276105,420
19970129,299031,299031,289063,289063,200
19970128,284079,299031,284079,296040,310
19970127,298034,298034,298034,298034,30
19970125,284079,299031,284079,299031,80
19970124,294047,294047,284079,284079,170
19970123,284079,297037,284079,297037,30
19970122,299031,299031,289063,289063,220
19970121,275108,308001,275108,304014,370
19970120,284079,305011,284079,299031,460
19970118,284079,284079,284079,284079,70
19970117,318966,318966,299031,299031,300
19970116,299031,318966,299031,313982,300
19970115,298034,308998,284079,308998,620
19970114,287568,299031,287568,298034,720
19970113,270124,289063,270124,288066,60
19970111,289063,289063,270124,270124,110
19970110,289063,289063,289063,289063,10
19970109,249192,269127,249192,269127,330
19970108,249192,249192,249192,249192,270
19970107,271121,271121,270623,270623,180
19970106,294047,294047,294047,294047,0
19970104,305510,305510,305510,305510,50
19970103,308001,308001,308001,308001,10
19961227,278674,302021,273209,302021,630
19961226,299040,300034,280164,280164,70
19961224,300034,301027,300034,301027,450
19961223,317917,322884,303014,303014,830
19961221,307982,307982,307982,307982,60
19961220,317917,326858,317917,326858,100
19961219,303014,332819,298047,332819,180
19961218,317917,317917,317917,317917,20
19961217,322884,322884,322884,322884,0
19961216,327355,327355,327355,327355,0
19961214,332819,332819,332819,332819,140
19961213,321394,321394,321394,321394,10
19961212,317917,325864,317917,325864,270
19961211,327851,327851,327851,327851,10
19961210,307982,321890,307982,317917,100
19961209,307982,312949,307982,312949,140
19961207,312949,312949,307982,307982,40
19961206,317917,317917,312949,312949,90
19961205,317917,317917,317917,317917,20
19961204,322884,322884,316923,316923,100
19961203,317917,332819,317917,332819,50
19961202,347224,347224,342754,342754,300
19961130,337786,347721,335799,347721,630
19961129,301027,335799,301027,335799,760
19961128,317917,326858,312949,325864,848
19961127,309969,309969,303014,304008,890
19961126,307982,336793,298047,311956,132
19961125,317917,317917,307982,317917,140
19961122,327851,327851,317917,322884,140
19961121,337786,337786,324871,336793,220
19961120,337786,337786,337786,337786,100
19961119,339773,339773,339277,339277,180
19961118,344741,344741,339773,339773,120
19961116,339773,339773,339773,339773,170
19961115,337786,339277,337786,337786,400
19961114,337786,337786,332819,337786,200
19961113,340767,344741,337786,337786,340
19961112,337786,344741,337786,340767,770
19961111,344741,347721,340767,340767,240
19961109,344741,349708,337786,349708,470
19961108,333812,351695,333812,340767,450
19961107,337786,356663,332819,332819,630
19961106,341760,362624,340767,353682,770
19961105,355669,376532,355172,355172,150
19961104,396402,397396,377526,377526,370
19961102,406337,406337,377526,396402,1100
19961101,392428,392428,372558,391435,610
19961031,347721,373552,337786,373552,1160
19961030,360637,360637,347721,352689,190
19961029,372558,372558,360637,360637,90
19961028,381997,382493,372558,372558,120
19961026,363617,382493,363617,382493,150
19961025,386467,386467,386467,386467,70
19961024,386467,386467,386467,386467,80
19961023,377526,386467,377526,386467,20
19961022,387461,387461,382493,387461,270
19961021,387461,397396,387461,387461,340
19961019,387461,387461,380506,387461,430
19961018,418259,422233,392428,392428,810
19961017,387461,425213,387461,417266,610
19961016,405344,417266,401866,401866,170
19961015,447070,447070,399879,427200,2070
19961014,425213,425213,425213,425213,590
19961012,401370,401370,400376,401370,460
19961011,360637,379016,358650,379016,3490
19961010,352689,362624,352689,357656,760
19961009,347721,347721,337786,347721,780
19961008,342754,352689,342754,347721,1090
19961007,328845,342754,328845,339773,800
19961005,327851,332819,327851,327851,730
19961004,322884,327851,318910,322884,1880
19961002,326858,327851,318910,318910,330
19961001,332819,332819,326858,326858,440
19960930,344741,344741,332819,332819,220
19960925,344741,355669,344741,344741,110
19960924,332819,343747,332819,343747,290
19960923,332819,333812,332819,332819,260
19960921,332819,334806,332819,334806,160
19960920,332819,345734,332819,332819,100
19960919,342754,344741,337786,343747,210
19960918,332322,346728,332322,341760,360
19960917,326858,347721,326858,330832,240
19960916,347721,347721,347721,347721,30
19960914,342754,347721,342754,347721,410
19960913,352689,352689,337786,337786,400
19960912,362624,362624,350702,352689,350
19960911,363120,375539,362624,364611,1360
19960910,337786,357656,317917,357656,3260
19960909,337786,337786,327851,337786,3380
19960907,347721,347721,347721,347721,120
19960906,347721,352689,342754,352689,150
19960905,357656,367591,352689,352689,40
19960904,347721,367591,347721,367591,160
19960903,345734,367591,345734,349708,460
19960902,377526,377526,367591,367591,30
19960831,377526,377526,377526,377526,120
19960830,377526,377526,377526,377526,0
19960829,377526,382493,377526,377526,190
19960828,377526,377526,377526,377526,10
19960827,377526,377526,377526,377526,190
19960826,377526,377526,377526,377526,0
19960824,366598,377526,366598,377526,210
19960823,337786,367591,337786,367591,390
19960822,357656,357656,345734,354676,300
19960821,372558,372558,355172,357656,450
19960820,373552,377526,373552,377526,110
19960819,387461,387461,368585,373552,240
19960817,407331,407331,387958,387958,330
19960816,427200,427200,412298,412298,150
19960814,428194,428194,427200,427200,140
19960813,437135,437135,437135,437135,10
19960812,440116,440116,440116,440116,20
19960810,437135,438129,437135,437135,40
19960809,437135,437135,437135,437135,310
19960808,448064,448064,442103,442103,70
19960807,461973,466940,447070,447070,90
19960806,454025,454025,454025,454025,0
19960805,454025,454025,454025,454025,0
19960803,466940,466940,457005,457005,200
19960802,452038,452038,442103,452038,270
19960801,433161,437135,433161,437135,280
19960731,442103,442103,432168,432168,430
19960730,438129,442103,438129,442103,30
19960729,464953,464953,464953,464953,30
19960727,432168,464953,432168,464953,30
19960726,444090,445083,444090,445083,30
19960725,444090,444090,444090,444090,10
19960724,471908,471908,471908,471908,0
19960723,461973,471908,461973,471908,70
19960722,471908,471908,471908,471908,10
19960720,466940,466940,466940,466940,10
19960719,461973,461973,457005,457005,40
19960718,457005,457005,457005,457005,40
19960716,457005,457005,457005,457005,400
19960715,461973,462966,461973,461973,110
19960713,476875,476875,461973,475882,350
19960712,461973,461973,461973,461973,10
19960711,496745,496745,467934,467934,320
19960710,457005,484326,457005,484326,220
19960709,438129,457005,438129,457005,50
19960708,461973,461973,457005,457005,50
19960706,475882,475882,475882,475882,0
19960705,475882,475882,475882,475882,40
19960704,457005,457005,457005,457005,60
19960703,447070,457005,447070,457005,50
19960702,437135,452038,437135,452038,80
19960701,442103,442103,437135,437135,190
19960629,466940,466940,442103,442103,110
19960628,457005,457005,457005,457005,140
19960627,476875,476875,457005,457005,310
19960626,486810,486810,476875,476875,230
19960625,486810,486810,486810,486810,20
19960624,496745,496745,476875,486810,530
19960622,506680,506680,506680,506680,0
19960621,496745,510654,496745,510654,220
19960620,496745,496745,496745,496745,270
19960619,514628,514628,514628,514628,200
19960618,498732,498732,496745,498732,140
19960617,486810,511647,486810,511647,310
19960615,503699,503699,491777,491777,180
19960614,511647,517608,511647,511647,180
19960613,536484,541452,516615,517608,230
19960612,516615,547413,516615,535491,3710
19960611,524563,526550,516615,516615,570
19960610,536484,536484,516615,524563,590
19960608,544432,544432,527543,527543,480
19960607,516615,527543,507673,527543,1270
19960605,486810,506680,486810,497738,7350
19960604,486810,496745,486810,486810,1830
19960603,486810,486810,486810,486810,40
19960601,496745,505686,486810,486810,170
19960531,510654,510654,486810,486810,190
19960530,514628,514628,513634,513634,120
19960529,507673,514628,506680,514628,5280
19960528,506680,506680,501712,506680,1980
19960527,512641,512641,510654,510654,140
19960525,507673,516615,506680,506680,5180
19960523,516615,529530,506680,506680,750
19960522,506680,506680,496745,499725,160
19960521,511647,512641,511647,512641,90
19960520,526550,526550,511647,515621,120
19960518,531517,541452,526550,526550,160
19960517,503699,533504,503699,531517,4250
19960516,508667,513634,503699,503699,90
19960515,518602,526550,518602,518602,110
19960514,545426,545426,531517,531517,290
19960513,536484,556354,536484,537478,150
19960511,563309,571257,563309,570263,160
19960510,561322,582185,546419,573244,970
19960509,563309,563309,546419,563309,1100
19960508,507673,531517,501712,531517,6060
19960507,511647,525556,501712,501712,350
19960506,512641,516615,497738,497738,410
19960504,507673,516615,507673,512641,220
19960503,496745,507673,496745,507673,110
19960502,524563,524563,512641,512641,210
19960430,536484,536484,517608,525556,250
19960429,513634,546419,513634,526550,690
19960427,531517,546419,526550,546419,610
19960426,516615,526550,516615,526550,590
19960425,526550,526550,506680,506680,1060
19960424,516615,531517,506680,531517,470
19960423,518602,518602,516615,516615,110
19960422,541452,541452,529530,531517,360
19960420,521582,546419,521582,544432,570
19960419,506680,526550,496745,526550,4690
19960418,496745,496745,496745,496745,250
19960417,496745,496745,476875,496745,1220
19960416,486810,497738,476875,476875,1320
19960415,476875,476875,471908,476875,880
19960413,480849,480849,476875,476875,20
19960412,496745,496745,496745,496745,140
19960410,496745,496745,496745,496745,60
19960409,489790,489790,486810,486810,80
19960408,496745,496745,489790,489790,30
19960406,489790,489790,489790,489790,20
19960404,476875,476875,476875,476875,10
19960403,492771,492771,492771,492771,0
19960402,476875,493764,476875,493764,20
19960401,471908,473895,471908,473895,290
19960330,496745,496745,471908,486810,260
19960329,482339,486810,471908,471908,140
19960328,486810,486810,481842,481842,20
19960327,496745,496745,496745,496745,0
19960326,496745,496745,496745,496745,70
19960325,496745,496745,496745,496745,170
19960323,496745,515621,496745,515621,50
19960322,491777,491777,491777,491777,10
19960321,521582,521582,521582,521582,10
19960320,491777,506680,491777,506680,650
19960319,481842,481842,481842,481842,0
19960318,466940,471908,466940,471908,1310
19960316,471908,471908,471908,471908,0
19960315,471908,471908,471908,471908,10
19960314,466443,467934,466443,467934,20
19960313,495751,495751,495751,495751,0
19960312,496745,496745,496745,496745,10
19960311,496745,496745,496745,496745,160
19960309,496745,496745,496745,496745,0
19960308,496745,496745,496745,496745,60
19960307,496745,496745,496745,496745,30
19960306,496745,496745,496745,496745,100
19960305,515621,515621,515621,515621,0
19960304,496745,521582,496745,521582,80
19960302,498732,499725,496745,496745,180
19960229,499725,499725,499725,499725,0
19960228,499725,499725,499725,499725,30
19960227,496745,496745,496745,496745,40
19960226,499725,502706,496745,496745,370
19960224,496745,499725,496745,499725,40
19960223,497738,499725,497738,499725,20
19960222,500719,520589,500719,520589,50
19960221,497738,501712,497738,500719,1260
19960217,499725,499725,499725,499725,10
19960216,521582,521582,516615,521582,30
19960215,521582,521582,521582,521582,0
19960214,497738,546419,497738,546419,470
19960213,536484,536484,521582,521582,80
19960212,563309,563309,537478,537478,40
19960210,551387,551387,546419,551387,60
19960209,516615,547413,516615,520589,1220
19960208,561322,561322,546419,546419,60
19960207,546419,556354,546419,556354,110
19960206,546419,546419,546419,546419,130
19960205,531517,555361,531517,555361,40
19960203,566289,566289,556354,556354,180
19960202,589139,589139,557348,561322,280
19960201,556354,557348,556354,557348,550
19960131,506680,526550,506680,526550,480
19960130,514628,514628,496745,496745,60
19960129,486810,486810,486810,486810,0
19960127,496745,496745,496745,496745,40
19960126,506680,506680,506680,506680,0
19960125,496745,506680,496745,506680,1030
19960124,496745,515621,496745,515621,290
19960123,486810,496745,486810,496745,320
19960122,486810,486810,486810,486810,40
19960120,495751,495751,495751,495751,0
19960119,495751,495751,495751,495751,100
19960118,468927,495751,468927,495751,280
19960117,495751,495751,495751,495751,200
19960116,495751,495751,495751,495751,0
19960115,495751,495751,495751,495751,0
19960113,496745,496745,496745,496745,0
19960112,496745,496745,496745,496745,370
19960111,466940,496745,466940,496745,110
19960110,486810,496745,486810,496745,40
19960109,495751,496745,476875,496745,300
19960108,448561,496745,448561,495751,660
19960106,496745,496745,476875,476875,300
19960105,481842,496745,481842,496745,260
19960104,505686,505686,505686,505686,10
19960103,506680,506680,506680,506680,30
19951227,475936,503698,475936,503698,130
19951226,495766,495766,475936,475936,70
19951223,496758,505682,496758,505682,20
19951222,505682,505682,505682,505682,10
19951221,514605,514605,505682,505682,30
19951220,515597,525512,515597,515597,30
19951219,475936,503698,475936,503698,130
19951218,475936,475936,475936,475936,20
19951216,495766,495766,495766,495766,90
19951215,524521,524521,524521,524521,20
19951214,507665,507665,507665,507665,0
19951213,507665,507665,507665,507665,0
19951212,507665,507665,507665,507665,0
19951211,525512,525512,507665,507665,190
19951209,505682,505682,505682,505682,30
19951208,505682,505682,505682,505682,5000
19951207,497749,500724,495766,497749,410
19951206,511631,511631,496758,498741,60
19951205,511631,511631,511631,511631,0
19951204,516588,516588,516588,516588,30
19951202,521546,535428,520555,535428,620
19951201,515597,515597,515597,515597,5120
19951130,485851,499732,471969,499732,470
19951129,471969,471969,471969,471969,10
19951128,485851,485851,475936,475936,50
19951127,495766,495766,485851,485851,40
19951125,495766,495766,495766,495766,0
19951124,495766,495766,495766,495766,30
19951123,495766,495766,495766,495766,160
19951122,485851,485851,485851,485851,120
19951121,480893,485851,480893,485851,60
19951120,480893,484859,480893,484859,70
19951118,485851,485851,485851,485851,0
19951117,485851,485851,485851,485851,80
19951116,485851,485851,485851,485851,20
19951115,485851,485851,485851,485851,60
19951114,485851,495766,485851,485851,230
19951113,496758,496758,485851,485851,40
19951111,496758,496758,496758,496758,0
19951110,496758,496758,496758,496758,40
19951109,498741,498741,498741,498741,110
19951108,497749,498741,497749,498741,90
19951107,505682,505682,495766,496758,130
19951106,496758,505682,496758,505682,80
19951104,495766,495766,495766,495766,30
19951103,510639,510639,505682,505682,80
19951102,515597,515597,505682,505682,90
19951101,520555,520555,515597,515597,700
19951031,525512,525512,525512,525512,30
19951030,500724,525512,500724,525512,150
19951028,525512,525512,525512,525512,0
19951027,525512,530470,525512,525512,200
19951026,525512,526504,525512,525512,220
19951025,525512,525512,525512,525512,50
19951024,524521,524521,524521,524521,0
19951023,524521,525512,524521,524521,200
19951021,527495,527495,527495,527495,0
19951020,507665,530470,507665,530470,200
19951019,537411,537411,532453,532453,210
19951018,523529,538402,523529,537411,210
19951017,530470,530470,523529,525512,1390
19951016,531461,531461,530470,530470,30
19951014,543360,543360,543360,543360,510
19951013,544351,545343,544351,544351,80
19951012,526504,526504,526504,526504,10
19951011,545343,545343,526504,526504,180
19951010,547326,547326,514605,545343,2030
19951009,540385,555258,540385,547326,2400
19951007,546334,547326,546334,546334,50
19951006,585004,594920,565174,565174,350
19951005,565174,575089,540385,575089,5880
19951004,526504,567157,526504,567157,800
19951002,516588,535428,516588,535428,250
19950930,525512,525512,525512,525512,0
19950929,525512,525512,515597,525512,700
19950928,515597,525512,515597,525512,390
19950927,516588,516588,515597,515597,360
19950926,510639,515597,510639,515597,170
19950925,545343,545343,515597,520555,200
19950923,540385,540385,540385,540385,130
19950922,565174,570131,545343,565174,140
19950921,518571,545343,518571,545343,310
19950920,517580,517580,517580,517580,70
19950919,495766,516588,495766,516588,90
19950918,495766,495766,495766,495766,40
19950916,470978,470978,470978,470978,0
19950915,468995,469986,466020,466020,600
19950914,468003,485851,468003,468995,360
19950913,467012,485851,467012,468003,300
19950912,485851,485851,485851,485851,0
19950911,485851,485851,485851,485851,10
19950907,467012,485851,467012,485851,150
19950906,466020,475936,466020,466020,350
19950905,467012,467012,456105,466020,120
19950904,466020,466020,466020,466020,0
19950902,466020,466020,466020,466020,20
19950901,493783,493783,493783,493783,0
19950831,493783,493783,493783,493783,20
19950830,466020,466020,466020,466020,40
19950829,467012,475936,467012,467012,230
19950828,494775,494775,494775,494775,0
19950826,494775,494775,494775,494775,100
19950825,480893,480893,480893,480893,40
19950824,475936,475936,475936,475936,10
19950823,485851,485851,475936,475936,40
19950822,485851,485851,485851,485851,30
19950821,475936,495766,466020,495766,160
19950819,515597,515597,495766,495766,50
19950818,515597,515597,515597,515597,0
19950817,525512,525512,525512,525512,0
19950816,528487,528487,528487,528487,0
19950814,529478,529478,529478,529478,0
19950812,529478,529478,529478,529478,0
19950811,515597,530470,515597,530470,190
19950810,543360,543360,510639,510639,1280
19950809,526504,530470,526504,526504,1550
19950808,526504,526504,526504,526504,150
19950807,500724,526504,495766,526504,110
19950805,506673,506673,506673,506673,10
19950804,515597,516588,515597,516588,60
19950803,515597,543360,515597,543360,70
19950802,544351,544351,544351,544351,0
19950801,544351,544351,544351,544351,0
19950731,515597,544351,515597,544351,50
19950729,541377,541377,541377,541377,40
19950728,540385,540385,540385,540385,0
19950727,530470,545343,530470,540385,200
19950726,526504,526504,525512,525512,430
19950725,525512,525512,525512,525512,10
19950724,526504,526504,526504,526504,10
19950722,545343,545343,545343,545343,10
19950721,515597,545343,515597,545343,240
19950720,532453,532453,532453,532453,10
19950719,525512,530470,525512,530470,70
19950718,525512,545343,525512,525512,60
19950715,545343,545343,545343,545343,680
19950714,546334,548317,545343,545343,120
19950713,530470,560216,530470,545343,470
19950712,545343,560216,545343,545343,320
19950711,578064,578064,545343,545343,250
19950710,550301,550301,545343,545343,150
19950708,555258,555258,550301,550301,80
19950707,584013,584013,584013,584013,0
19950706,584013,584013,584013,584013,0
19950705,624666,624666,594920,594920,80
19950704,632598,632598,632598,632598,550
19950703,602852,602852,602852,602852,0
19950701,604835,604835,604835,604835,80
19950630,548317,575089,545343,575089,290
19950629,554267,554267,549309,549309,440
19950628,530470,530470,525512,525512,1030
19950626,501715,530470,501715,530470,150
19950624,530470,530470,530470,530470,220
19950623,540385,540385,540385,540385,50
19950622,568148,568148,550301,550301,100
19950621,555258,574097,555258,574097,60
19950620,575089,575089,575089,575089,50
19950619,541377,565174,541377,565174,80
19950617,575089,575089,575089,575089,50
19950616,545343,545343,545343,545343,0
19950615,530470,545343,530470,545343,170
19950614,538402,538402,530470,537411,90
19950613,539394,539394,539394,539394,10
19950612,516588,525512,515597,515597,520
19950610,525512,525512,525512,525512,0
19950609,515597,515597,515597,515597,40
19950608,545343,545343,535428,535428,30
19950607,515597,545343,515597,545343,50
19950605,513614,516588,513614,515597,140
19950603,545343,545343,545343,545343,0
19950602,555258,560216,525512,550301,130
19950601,565174,565174,555258,555258,30
19950531,525512,550301,515597,550301,210
19950530,545343,545343,545343,545343,160
19950529,545343,565174,525512,545343,350
19950527,540385,540385,540385,540385,10
19950526,515597,574097,514605,574097,290
19950525,547326,547326,547326,547326,0
19950524,550301,550301,550301,550301,0
19950523,560216,560216,560216,560216,20
19950522,564182,564182,564182,564182,0
19950520,564182,564182,564182,564182,0
19950519,564182,564182,564182,564182,10
19950518,590953,590953,590953,590953,0
19950517,591945,591945,591945,591945,70
19950516,592937,592937,592937,592937,0
19950515,592937,592937,592937,592937,0
19950513,594920,594920,594920,594920,280
19950512,569140,603843,569140,598886,90
19950511,604835,604835,604835,604835,0
19950510,614750,614750,614750,614750,20
19950509,614750,614750,614750,614750,0
19950508,614750,632598,614750,632598,50
19950506,614750,614750,614750,614750,60
19950504,604835,604835,604835,604835,0
19950503,604835,604835,604835,604835,0
19950502,604835,604835,604835,604835,0
19950429,604835,604835,604835,604835,6010
19950428,604835,604835,604835,604835,460
19950427,604835,604835,604835,604835,50
19950426,594920,614750,585004,604835,280
19950425,614750,614750,594920,594920,150
19950424,624666,624666,624666,624666,0
19950422,624666,624666,624666,624666,0
19950421,624666,644496,624666,624666,70
19950420,634581,634581,602852,624666,300
19950419,638547,644496,638547,638547,360
19950418,679200,679200,679200,679200,0
19950417,691098,691098,691098,691098,0
19950415,691098,691098,691098,691098,10
19950414,691098,691098,691098,691098,0
19950413,691098,691098,691098,691098,0
19950412,691098,691098,691098,691098,10
19950411,691098,691098,691098,691098,40
19950410,693081,702997,693081,694073,400
19950408,693081,693081,693081,693081,10
19950407,699031,699031,693081,694073,310
19950406,694073,723819,694073,714895,90
19950404,695064,723819,689115,723819,140
19950403,732743,732743,708946,732743,60
19950401,753565,753565,753565,753565,30
19950331,716878,717870,716878,717870,270
19950330,705971,708946,695064,705971,1310
19950329,729570,729570,705971,705971,810
19950328,717671,717671,717671,717671,320
19950327,705773,705773,694073,705773,1510
19950325,681976,693875,681976,693875,370
19950324,674242,682175,674242,681976,200
19950323,687132,687132,663335,683166,550
19950322,664327,675234,664327,675234,530
19950321,663335,663335,663335,663335,350
19950320,699031,699031,675234,675234,870
19950318,687132,687132,687132,687132,20
19950317,675234,675234,675234,675234,10
19950316,663335,663335,663335,663335,240
19950315,651437,651437,651437,651437,20
19950314,639539,639539,639539,639539,40
19950313,627640,627640,627640,627640,140
19950311,615742,615742,615742,615742,160
19950310,604339,604835,603843,603843,1000
19950309,604835,604835,594920,604736,200
19950308,626649,626649,602852,604835,1040
19950307,614750,614750,602852,614750,2200
19950306,602852,602852,602852,602852,380
19950304,590953,590953,590953,590953,70
19950303,569140,579055,569140,579055,490
19950302,579055,579055,579055,579055,230
19950228,590953,590953,590953,590953,30
19950227,626649,626649,602852,602852,490
19950225,590953,614750,590953,614750,300
19950224,626649,626649,602852,602852,1910
19950223,614750,614750,602852,614750,1610
19950222,602852,602852,599877,602852,1310
19950221,590953,590953,590953,590953,340
19950220,579055,579055,578064,579055,720
19950218,543360,567157,543360,567157,480
19950217,555258,555258,555258,555258,670
19950216,590953,590953,567157,567157,1050
19950215,579055,579055,579055,579055,110
19950214,567157,567157,567157,567157,260
19950213,555258,555258,555258,555258,60
19950211,543360,543360,543360,543360,460
19950210,531461,531461,531461,531461,980
19950209,519563,519563,519563,519563,730
19950208,507665,507665,507665,507665,120
19950207,495766,495766,495766,495766,2100
19950206,485851,485851,485851,485851,1270
19950204,475936,475936,475936,475936,60
19950203,465029,466020,465029,466020,610
19950202,465921,465921,465921,465921,0
19950128,466020,466020,466020,466020,0
19950127,470879,470879,470879,470879,110
19950126,470879,470879,470879,470879,0
19950125,470978,470978,470978,470978,0
19950124,470978,470978,470978,470978,1190
19950123,476828,476828,476828,476828,0
19950121,476828,476828,476828,476828,0
19950120,476927,476927,476927,476927,240
19950119,480893,480893,476927,476927,160
19950118,489817,489817,485653,486842,690
19950117,489817,489817,489817,489817,400
19950116,475936,479902,475737,479902,660
19950114,460269,469986,460170,469986,260
19950113,440240,460071,440240,460071,470
19950112,450156,450156,448173,450156,4540
19950111,450156,450156,450156,450156,10
19950110,450156,450156,450156,450156,70
19950109,450156,450156,440240,450156,190
19950107,450156,450156,450156,450156,0
19950106,460071,460071,460071,460071,720
19950105,460071,460071,460071,460071,0
19950104,466020,466020,466020,466020,0
19950103,470978,470978,469491,469491,30
19941228,479374,479374,469490,469490,120
19941227,469490,479374,469490,479374,510
19941226,469490,469490,469490,469490,0
19941224,464548,469490,459606,469490,2970
19941223,459606,459606,459606,459606,100
19941222,439838,449722,439838,449722,170
19941221,429954,439838,429954,439838,40
19941220,436872,439838,429954,439838,1310
19941219,439838,439838,439838,439838,60
19941217,432919,439838,429954,439838,1570
19941216,429954,429954,429954,429954,20
19941215,420070,420070,420070,420070,20
19941214,410186,410186,410186,410186,10
19941213,400302,409197,400302,400302,110
19941212,408209,408209,400302,400302,20
19941210,398325,398325,398325,398325,0
19941209,390418,390418,390418,390418,90
19941208,395360,395360,395360,395360,120
19941207,406232,406232,405244,405244,100
19941206,415128,415128,415128,415128,20
19941205,425012,425012,415128,415128,80
19941203,425012,425012,425012,425012,470
19941202,434896,434896,434896,434896,100
19941201,425012,434896,425012,434896,150
19941130,425012,425012,425012,425012,80
19941129,415128,415128,415128,415128,40
19941128,425012,425012,424023,424023,70
19941126,415128,433907,415128,433907,40
19941125,425012,425012,425012,425012,20
19941124,434896,444780,434896,434896,210
19941123,444780,444780,444780,444780,40
19941122,454664,454664,454664,454664,80
19941121,464548,474432,464548,464548,70
19941119,474530,474530,474432,474432,40
19941118,495188,495188,484316,484316,180
19941117,504973,504973,495188,495880,100
19941116,505171,507049,505072,505072,190
19941115,500130,500130,484316,500130,1610
19941114,485304,490246,485304,490246,300
19941112,479374,480362,474432,480362,130
19941111,479374,489258,473443,474432,1150
19941110,479374,479374,479374,479374,0
19941109,494200,494200,489258,489258,210
19941108,494200,504084,494200,494200,160
19941107,511002,511002,493211,494200,2510
19941105,499142,499142,494200,499142,3010
19941104,489258,489258,489258,489258,270
19941103,479374,479374,479374,479374,290
19941102,468501,469490,468501,469490,40
19941101,449722,459606,449722,459606,1660
19941031,449722,449722,449722,449722,0
19941029,469490,469490,459606,459606,70
19941028,484316,486292,469490,469490,2070
19941027,479374,479374,479374,479374,1020
19941026,484316,484316,479374,479374,1270
19941025,479275,479275,474432,474432,580
19941024,479275,479275,479275,479275,170
19941022,469391,469391,469391,469391,20
19941021,479374,479374,479275,479275,1610
19941020,480362,480362,479275,479275,980
19941019,477397,477397,467513,470478,970
19941018,467513,467513,467513,467513,380
19941017,457629,457629,457629,457629,180
19941015,456640,456640,447745,447745,20
19941014,442803,449722,442803,446756,560
19941013,457629,457629,449722,449722,60
19941012,447745,447745,447745,447745,500
19941011,442803,442803,442803,442803,0
19941010,447745,447745,442803,442803,1120
19941008,449722,449722,449722,449722,20
19941007,439838,439838,439838,439838,30
19941006,429954,429954,429954,429954,150
19941005,420070,420070,420070,420070,790
19941004,410186,410186,410186,410186,160
19941001,420070,420070,420070,420070,1430
19940930,429954,429954,429954,429954,0
19940929,444780,444780,439838,439838,40
19940928,447349,447349,447349,447349,50
19940927,429954,437465,429954,437465,1740
19940926,427581,427581,426988,427581,590
19940924,427581,427581,427581,427581,100
19940923,427581,427581,427581,427581,70
19940922,427581,427581,427581,427581,0
19940917,425012,425012,425012,425012,910
19940916,415029,415128,405244,415128,380
19940915,405244,405244,402278,405244,160
19940914,421058,421058,412162,412162,130
19940913,410186,422046,410186,421058,320
19940912,420070,420070,420070,420070,10
19940910,429954,429954,429954,429954,0
19940909,439838,439838,439838,439838,0
19940908,449722,449722,449722,449722,150
19940907,449722,454664,449722,449722,1130
19940906,459606,459606,439838,449722,390
19940905,448733,449722,448733,449722,120
19940903,439838,439838,439838,439838,0
19940902,439838,439838,439838,439838,30
19940901,449722,449722,449722,449722,0
19940831,449722,449722,449722,449722,20
19940830,431930,441814,431930,441814,20
19940829,441814,441814,441814,441814,70
19940827,441814,441814,441814,441814,30
19940826,451698,451698,451698,451698,20
19940825,461582,461582,461582,461582,0
19940824,471466,471466,471466,471466,0
19940823,481350,481350,481350,481350,0
19940822,484316,484316,483130,483130,100
19940820,474432,474432,474234,474432,210
19940819,464548,464548,464548,464548,270
19940818,454664,454664,439838,454664,6140
19940817,461582,461582,444780,444780,1180
19940816,451698,461582,451698,451698,270
19940813,461582,461582,461582,461582,0
19940812,471466,471466,471466,471466,0
19940811,471466,471466,461582,471466,70
19940810,461582,461582,461582,461582,120
19940809,471466,471466,471466,471466,0
19940808,481350,481350,481350,481350,1650
19940806,451698,471466,451698,471466,510
19940805,468995,469490,461582,461582,630
19940804,464053,464548,456640,459606,740
19940803,454565,454664,454565,454664,290
19940802,444780,464053,444780,454664,140
19940801,444780,454664,444780,454664,440
19940730,444780,444780,444780,444780,0
19940729,444780,444780,444780,444780,30
19940728,442803,442803,442803,442803,0
19940727,443791,443791,443791,443791,0
19940726,444681,444681,444681,444681,0
19940725,444681,444681,444681,444681,0
19940723,434797,444681,434797,444681,70
19940722,425012,434797,425012,434797,190
19940721,425012,425012,425012,425012,0
19940720,425012,425012,425012,425012,10
19940719,415128,415128,415128,415128,80
19940718,410186,410186,405244,405244,30
19940716,400302,400302,400302,400302,0
19940715,410186,410186,400302,400302,220
19940714,400302,410186,400302,410186,100
19940713,410186,410186,410186,410186,40
19940712,409691,410186,409691,410186,30
19940711,419575,419575,419575,419575,0
19940709,415128,429459,415128,429459,50
19940708,425012,425012,425012,425012,0
19940707,425012,425012,425012,425012,10
19940706,434797,434797,434797,434797,0
19940705,438553,438553,438553,438553,50
19940704,439541,439541,439541,439541,10
19940702,439640,439640,439640,439640,0
19940701,439640,439640,439640,439640,0
19940630,429954,439640,429954,439640,220
19940629,429954,429954,429954,429954,0
19940628,421058,429954,421058,429954,80
19940627,429954,429954,429954,429954,10
19940625,405244,420070,405244,420070,1010
19940624,400302,410186,400302,410186,440
19940623,413250,413250,410186,410186,190
19940622,402278,420070,402278,420070,7680
19940621,420168,420168,410284,410284,110
19940620,434896,434896,420070,420168,390
19940618,429954,429954,429954,429954,20
19940617,433907,439838,433907,438849,580
19940616,443791,443791,443791,443791,10
19940615,453675,453675,453675,453675,0
19940614,463559,463559,463559,463559,70
19940613,462571,473443,453675,473443,3710
19940611,464548,472455,463559,463559,60
19940610,463559,473443,463559,473443,7800
19940609,464646,473443,464548,473443,1260
19940608,464548,464548,454664,464548,4610
19940607,454664,454664,454664,454664,290
19940604,444780,444780,444780,444780,360
19940603,434896,434896,434896,434896,140
19940602,425012,425012,425012,425012,20
19940601,415128,415128,415128,415128,170
19940531,405244,405244,405244,405244,0
19940530,405244,405244,405244,405244,20
19940528,400302,405244,400302,405244,30
19940527,398325,398325,398325,398325,20
19940526,391307,391307,391307,391307,0
19940525,391307,391307,391307,391307,0
19940524,391307,391406,391307,391307,80
19940523,382510,383598,382510,383598,40
19940521,375690,375690,375690,375690,20
19940520,390418,390418,375592,375592,40
19940519,382510,382510,382510,382510,70
19940517,374603,374603,374603,374603,0
19940516,366696,366696,366696,366696,0
19940514,365708,365708,365708,365708,100
19940513,375592,375592,372626,372626,130
19940512,380534,380534,380534,380534,150
19940511,387452,387452,387452,387452,30
19940510,379545,386464,379545,386464,90
19940509,378557,378557,378557,378557,30
19940507,375592,375592,375592,375592,70
19940506,385476,385476,375592,375592,650
19940504,378557,378557,378557,378557,90
19940503,386464,386464,386464,386464,100
19940502,397336,397336,396348,396348,120
19940430,384586,394371,384586,389429,1070
19940429,385673,400302,385574,386563,110
19940428,408209,415128,395360,395360,400
19940427,405244,405244,405244,405244,60
19940426,434896,434896,415128,415128,1440
19940425,425012,425012,415128,425012,2000
19940423,423035,423035,415128,415128,110
19940422,405244,413151,405244,413151,90
19940421,395360,403267,395360,403267,50
19940420,389429,397336,389429,395360,180
19940419,389429,389429,389429,389429,140
19940418,381522,381522,381522,381522,30
19940416,373615,373615,373615,373615,0
19940415,365708,365708,365708,365708,40
19940414,365708,365708,365708,365708,50
19940413,365708,365708,365708,365708,1730
19940412,370650,375592,365708,365708,170
19940411,375592,375592,372626,372626,280
19940409,362742,373615,362742,373615,20
19940408,365708,365708,365708,365708,200
19940407,368772,368772,352957,361754,330
19940406,345050,360864,345050,360864,60
19940404,337143,352957,337143,352957,140
19940402,345050,345050,345050,345050,20
19940401,352957,352957,352957,352957,10
19940331,360864,361754,360864,360864,120
19940330,361853,368772,361853,368772,80
19940329,369760,369760,369760,369760,90
19940328,378656,378656,377667,377667,240
19940326,385574,385574,385574,385574,0
19940325,385574,385574,385574,385574,300
19940324,395458,395458,395458,395458,420
19940323,405342,405342,405342,405342,40
19940322,415226,415226,415226,415226,0
19940321,425012,425110,425012,425110,20
19940319,433907,433907,433907,433907,10
19940318,433907,433907,433907,433907,0
19940317,433907,433907,433907,433907,0
19940316,433907,433907,433907,433907,10
19940315,425012,425012,425012,425012,0
19940314,425012,425012,425012,425012,50
19940312,424023,424023,424023,424023,10
19940311,415128,415128,415128,415128,0
19940310,415128,415128,415128,415128,10
19940309,415128,415128,413052,415128,1270
19940308,393383,413151,393383,413052,100
19940307,403267,403267,403267,403267,150
19940305,413151,413151,413151,413151,0
19940304,423035,423035,423035,423035,110
19940303,428768,428768,419081,427483,110
19940302,428768,428768,428768,428768,8000
19940228,428965,428965,428965,428965,80
19940226,428866,428866,428866,428866,0
19940225,428965,428965,428866,428866,20
19940224,428965,428965,428965,428965,10
19940223,428965,428965,428965,428965,10
19940222,428965,428965,428965,428965,20
19940221,428965,428965,428965,428965,0
19940219,428965,428965,428965,428965,10
19940218,428965,428965,428965,428965,10
19940217,428965,438849,428965,428965,40
19940216,415128,428965,415128,428965,40
19940215,419081,419081,419081,419081,4220
19940214,428965,428965,428965,428965,0
19940212,438849,438849,438849,438849,0
19940208,419081,438849,419081,438849,1070
19940207,428965,429064,428965,428965,2750
19940205,438849,438849,438849,438849,20
19940204,448733,448733,448733,448733,350
19940203,458617,458617,458617,458617,40
19940202,488269,488269,468501,468501,60
19940201,469391,478385,464548,478385,280
19940131,469391,469391,469391,469391,0
19940129,479275,484316,479275,479275,30
19940128,489258,489258,489159,489159,260
19940127,479374,479374,469490,479374,8210
19940126,449722,469490,449722,469490,220
19940125,479374,479374,459606,459606,640
19940124,469490,469490,469490,469490,420
19940122,479374,479374,479374,479374,290
19940121,489258,489258,489258,489258,10
19940120,501118,501118,501118,501118,20
19940119,533736,533736,512979,512979,510
19940118,498153,521875,498153,521875,530
19940117,510014,510014,510014,510014,80
19940115,519898,521875,519898,521875,280
19940114,508037,510014,507938,510014,660
19940113,498153,498153,497165,498153,2650
19940112,488269,488269,488269,488269,1780
19940111,478385,478385,478385,478385,210
19940110,468501,478385,468501,468501,270
19940108,468501,468501,458617,468501,230
19940107,478385,478385,468501,468501,410
19940106,468501,468501,468501,468501,220
19940105,458617,458617,458617,458617,30
19940104,448733,448733,448733,448733,30
19940103,442309,448733,442309,448733,180
19931228,452193,452193,452193,452193,40
19931227,462067,462067,462067,462067,10
19931224,471940,471940,471940,471940,10
19931223,483788,483788,481813,481813,4330
19931222,513407,513407,491686,493661,1930
19931221,503534,505509,503534,503534,490
19931220,493661,493661,493661,493661,470
19931218,483788,483788,483788,483788,290
19931217,473914,473914,473914,473914,3150
19931216,464041,464041,464041,464041,510
19931215,454168,454168,453181,454168,650
19931214,434422,454168,434422,444295,360
19931213,450317,459105,444295,444295,490
19931211,449231,449231,449231,449231,70
19931210,439358,439358,439358,439358,220
19931209,429485,429485,429485,429485,160
19931208,419612,419612,419612,419612,0
19931207,394830,409738,394830,409738,90
19931206,399865,399865,399865,399865,260
19931204,391967,391967,391967,391967,40
19931203,384068,384068,384068,384068,130
19931202,376170,376170,376170,376170,220
19931201,368271,368271,368271,368271,380
19931130,360175,360372,360175,360372,70
19931129,352474,352474,352474,352474,650
19931127,336677,344575,336677,344575,50
19931126,344575,349512,344575,344575,1030
19931125,352474,352474,352474,352474,10
19931124,360372,360372,360372,360372,30
19931123,368271,368271,368271,368271,0
19931122,376170,376170,376071,376170,480
19931120,368271,368271,368271,368271,0
19931119,360372,360372,360372,360372,0
19931118,352474,352474,352474,352474,50
19931117,335689,344575,331740,344575,11380
19931116,336677,336677,335689,336677,290
19931115,340626,340626,330753,337664,640
19931113,338651,338651,338651,338651,20
19931112,339639,341613,339639,340527,30
19931111,339639,339639,339639,339639,50
19931110,331740,331740,331641,331740,260
19931109,323841,323841,323841,323841,0
19931108,315943,315943,315943,315943,50
19931106,306070,308044,300146,308044,3080
19931105,300146,300146,300146,300146,80
19931104,294222,294222,288298,294222,640
19931103,288298,288298,288298,288298,200
19931102,282374,282374,282374,282374,10
19931101,276450,276450,276450,276450,380
19931030,270526,270526,270526,270526,240
19931029,261640,264602,261640,264602,290
19931028,258678,258678,258678,258678,1080
19931027,252754,252754,252754,252754,610
19931026,246830,252754,246830,246830,280
19931025,246830,246830,246830,246830,60
19931023,246830,246830,246830,246830,20
19931022,239919,240906,234982,240906,1380
19931021,240906,240906,240906,240906,100
19931020,240906,240906,234982,234982,60
19931019,234982,234982,234982,234982,230
19931018,229058,229058,229058,229058,10
19931016,222147,223134,222147,223134,150
19931015,217211,217211,217211,217211,240
19931014,217211,217211,217211,217211,50
19931013,219185,219185,217211,217211,150
19931012,215236,217211,215236,217211,120
19931011,215236,215236,215236,215236,110
19931009,215236,215236,215236,215236,40
19931008,215236,215236,215236,215236,0
19931007,215236,215236,215236,215236,10
19931006,212274,212274,212274,212274,160
19931005,212274,215236,212274,212274,390
19931004,213261,213261,211287,212274,780
19931002,217211,217211,213261,213261,60
19930928,218297,218297,218297,218297,250
19930927,222246,222246,222246,222246,20
19930925,222147,222246,222147,222246,610
19930924,217211,222147,217211,222147,990
19930923,212274,217211,212274,217211,440
19930922,212274,212274,212274,212274,500
19930921,212274,212274,212274,212274,160
19930920,213261,217211,212274,212274,1470
19930918,220172,220172,214249,214742,220
19930917,220074,220074,213459,214249,920
19930916,230046,230046,219383,219383,1120
19930915,224122,224122,224122,224122,410
19930914,218198,218198,217211,218198,410
19930913,212274,212274,211287,212274,950
19930911,205363,212274,205363,206350,180
19930910,204375,206350,204375,206350,70
19930909,197958,200426,197958,200426,570
19930908,196477,196477,196477,196477,20
19930907,194008,197267,194008,197267,20
19930906,197365,197365,197365,197365,150
19930904,194996,197464,194502,194502,420
19930903,189565,193515,189565,193515,190
19930902,185616,189565,185616,189565,390
19930901,181667,185616,181667,185616,2040
19930831,176237,181667,176237,181667,980
19930830,180186,180186,180186,180186,180
19930828,180186,180186,180186,180186,0
19930827,179697,180186,179697,180186,390
19930826,175192,176269,175192,176269,210
19930825,174311,176269,174311,175192,320
19930824,172352,175192,172352,175192,520
19930823,171275,171275,171275,171275,0
19930821,171373,171373,171373,171373,0
19930820,171373,171373,171373,171373,10
19930819,171373,172352,171373,172352,180
19930818,168435,168435,165693,168435,280
19930817,164518,164518,164518,164518,10
19930816,160601,160601,160601,160601,10
19930814,156684,156684,156684,156684,120
19930813,160601,160601,160601,160601,0
19930812,164518,164518,164518,164518,20
19930811,164518,164518,164518,164518,230
19930810,166281,166281,166281,166281,0
19930809,166281,166281,166281,166281,10
19930807,170198,170198,170198,170198,30
19930806,174115,174115,174115,174115,10
19930805,166476,172058,164518,172058,360
19930804,168141,168141,168141,168141,50
19930803,172058,172058,172058,172058,0
19930802,164518,172156,164518,172156,30
19930731,168435,168435,168435,168435,20
19930730,169414,169414,169414,169414,60
19930729,173331,173331,173331,173331,20
19930728,177444,177444,177248,177248,150
19930727,182439,182439,181068,181068,210
19930726,176269,178717,176269,178717,60
19930724,172744,174800,172744,174800,1320
19930723,169414,170883,169414,170883,420
19930722,169414,169414,168435,169414,70
19930721,166476,168435,166476,168435,150
19930720,164518,164518,164518,164518,0
19930719,165008,165008,164518,164518,200
19930716,165008,165008,165008,165008,120
19930715,165497,165497,165497,165497,20
19930714,165595,165595,165497,165497,70
19930713,165497,165497,165497,165497,50
19930712,164518,166281,164518,166281,2120
19930710,163734,164518,163734,164518,100
19930709,163734,163734,163734,163734,10
19930708,164518,165497,163734,163734,1250
19930707,161482,161580,161482,161580,170
19930706,163539,163539,162559,162559,1210
19930705,165399,165399,163539,163734,150
19930703,169218,169218,167456,167456,1120
19930702,165497,165497,165497,165497,160
19930701,157663,161580,157663,161580,340
19930630,157663,157663,157663,157663,1050
19930629,155704,157663,155704,156684,880
19930628,157663,157663,157663,157663,100
19930626,159622,159622,159622,159622,30
19930625,159622,159622,159622,159622,160
19930624,164518,164518,159622,159622,80
19930623,159622,163441,159622,163441,150
19930622,160699,163539,160699,163539,230
19930621,159915,160601,159915,159915,200
19930619,159328,159719,159328,159719,30
19930618,154921,158642,154921,158642,710
19930617,155704,156684,155704,156684,430
19930616,154235,155704,154235,155704,320
19930615,155704,155704,153746,153746,1570
19930614,153746,153746,153746,153746,2250
19930612,149829,157565,149829,149829,590
19930611,153746,153746,153746,153746,1040
19930610,155704,155704,153060,155704,70
19930609,156488,156488,152277,152277,2020
19930608,151591,152571,151591,152571,8390
19930607,151591,151591,151494,151591,2430
19930605,151689,151689,151689,151689,10
19930604,151787,151787,151689,151689,400
19930603,155704,155704,151787,151787,4040
19930602,157663,157663,151787,153746,3170
19930601,152767,153746,152767,153746,610
19930531,150808,150808,149829,149829,610
19930529,146891,146891,146891,146891,0
19930527,148849,148849,146891,146891,2340
19930526,148654,148654,148654,148654,10
19930525,152767,152767,150906,150906,50
19930524,153746,153746,153746,153746,800
19930522,154725,154725,154725,154725,40
19930521,155704,155704,154725,154725,760
19930520,155215,156684,155215,156684,40
19930519,154725,154725,154725,154725,1500
19930518,154725,154725,154725,154725,20
19930517,156684,156684,156684,156684,30
19930515,156684,156684,156684,156684,1000
19930514,157663,157663,157663,157663,0
19930513,157663,157663,157663,157663,30
19930512,157173,157173,157173,157173,0
19930511,157173,157173,157173,157173,0
19930510,156684,157173,156684,157173,1760
19930508,157663,157663,157663,157663,1100
19930507,158642,158642,157663,157663,1620
19930506,158642,158642,158642,158642,40
19930504,158642,158642,156684,156684,1570
19930503,163539,163539,160601,160601,1420
19930501,160601,160601,160601,160601,0
19930430,160601,160601,160601,160601,0
19930429,160601,160601,160601,160601,0
19930428,161580,161580,160601,160601,830
19930427,163441,163441,161580,161580,810
19930426,161580,161580,161580,161580,0
19930424,161580,161580,161580,161580,100
19930423,161580,161580,161580,161580,20
19930422,161580,161580,161580,161580,80
19930421,161580,161580,161580,161580,0
19930420,161580,161580,161580,161580,920
19930419,161580,164518,161580,164518,1020
19930417,161580,161580,161580,161580,10
19930416,159622,164518,159622,164518,980
19930415,159132,161580,159132,161580,100
19930414,163049,163049,163049,163049,670
19930413,164518,164518,163049,163049,130
19930412,159230,162559,159230,162559,480
19930410,158740,158740,158642,158642,280
19930409,158642,158642,158642,158642,100
19930408,158642,158642,158642,158642,30
19930407,164518,164518,161090,161090,2440
19930406,164518,164518,164518,164518,50
19930403,164518,164518,164518,164518,20
19930402,164518,168337,164518,168337,20
19930401,168435,168435,168337,168337,1550
19930331,168337,168337,167456,168337,2460
19930330,165693,168435,165693,168435,120
19930329,165791,165791,165791,165791,0
19930327,165791,165791,165791,165791,0
19930326,165791,165987,165791,165987,2140
19930325,165987,165987,165987,165987,30
19930324,166281,166281,166281,166281,100
19930323,166476,166476,165889,166476,150
19930322,166476,166574,166476,166574,60
19930320,168435,168435,166476,166672,1610
19930319,168729,168729,166476,166476,1190
19930318,164616,166476,164616,164812,320
19930317,167064,167064,164126,164126,180
19930316,167554,171275,166770,166770,620
19930315,171373,171373,169414,169414,200
19930313,171471,171471,168435,171373,130
19930312,174996,174996,171471,171471,5620
19930311,171079,171079,171079,171079,1670
19930309,167064,167162,163832,167162,810
19930308,155998,163245,155998,163245,460
19930306,159328,159328,159328,159328,710
19930305,163245,163245,163245,163245,1000
19930304,167162,167162,167162,167162,0
19930303,171079,171079,171079,171079,0
19930302,178913,182047,174996,174996,3290
19930227,178913,178913,176955,178913,9010
19930226,174996,174996,174996,174996,2120
19930225,171079,171079,170883,171079,7970
19930224,167162,167162,167162,167162,110
19930223,163245,163245,163245,163245,90
19930222,159328,159328,159328,159328,570
19930220,155411,155411,155411,155411,190
19930219,151494,151494,151494,151494,520
19930218,147576,147576,147576,147576,850
19930217,144639,144639,144639,144639,730
19930216,140134,141701,139938,141701,660
19930215,135825,138763,135825,138763,380
19930213,137784,137784,135825,135825,240
19930212,136119,138077,134846,134846,330
19930211,136119,136119,135825,135825,900
19930210,133279,135140,133279,135140,790
19930209,135140,135140,133181,133181,300
19930208,138077,138077,135140,135140,40
19930206,138077,141015,138077,138077,1660
19930205,138077,138077,137098,138077,390
19930204,135140,135140,135140,135140,30
19930203,129264,132202,129264,132202,40
19930202,129264,129264,129264,129264,50
19930201,135238,137098,131223,131223,2060
19930130,134160,134160,133279,134160,2060
19930129,131223,132202,131125,132202,1100
19930128,132202,132691,131223,131223,240
19930127,131223,137098,131223,131223,90
19930126,136119,136119,134160,134160,2920
19930125,137098,137098,137098,137098,0
19930121,137098,137098,135825,137098,210
19930120,138861,138861,138469,138469,130
19930119,140036,141995,140036,140330,330
19930118,146891,146891,142386,142386,420
19930116,145128,145128,142190,145128,830
19930115,142190,142190,142190,142190,540
19930114,139253,139253,139253,139253,210
19930113,134160,136315,134160,136315,490
19930112,136021,136021,133377,133377,400
19930111,134258,136021,134258,136021,510
19930109,133573,135825,133573,133671,280
19930108,133181,134650,132887,132887,150
19930107,136217,136217,135825,135825,70
19930106,138567,138567,138567,138567,20
19930105,141505,141505,141505,141505,0
19930104,142974,142974,142974,142974,10
19921228,140526,141015,140526,140526,1020
19921226,141015,141015,141015,141015,10
19921224,140036,142484,140036,140036,180
19921223,140036,140036,140036,140036,570
19921222,142778,142778,140036,140036,370
19921221,143757,143757,142974,142974,220
19921219,142974,142974,142974,142974,10
19921217,140036,141995,140036,141995,220
19921216,137098,140036,137098,140036,90
19921215,137098,137098,137098,137098,0
19921214,137098,137098,137098,137098,200
19921212,137098,137098,137098,137098,90
19921211,139057,142974,137098,137098,500
19921210,137098,140036,137098,140036,500
19921209,137098,137098,137098,137098,10
19921208,134160,134160,134160,134160,1030
19921207,137098,137098,137098,137098,150
19921205,141505,141505,140036,140036,270
19921204,140526,141015,140036,141015,1330
19921203,143268,143268,137490,142974,500
19921202,140330,140330,140330,140330,520
19921201,137392,137392,137392,137392,290
19921130,131516,134454,131516,134454,580
19921128,129949,131516,129949,131516,340
19921127,125347,130243,124368,130243,1260
19921126,128285,128285,127305,127305,520
19921125,130243,133181,130243,130243,550
19921124,133181,133181,133181,133181,160
19921123,139057,139057,136119,136119,30
19921121,134160,139057,133181,139057,190
19921120,137098,137098,136119,136119,1630
19921119,136119,139057,136119,139057,30
19921118,139057,142974,139057,139057,1230
19921117,140036,140036,137098,140036,530
19921116,134160,137098,134160,137098,1620
19921114,135140,137098,135140,137098,90
19921113,140036,140036,137098,137098,420
19921112,140036,140036,140036,140036,70
19921111,145912,145912,142974,142974,200
19921110,147381,147381,145912,145912,1020
19921109,139546,144443,139546,144443,380
19921107,141505,141505,141505,141505,420
19921106,144443,144443,144443,144443,380
19921105,148360,148360,148360,148360,80
19921104,152277,152277,152277,152277,60
19921103,156684,161580,156194,156194,350
19921102,160111,160111,160111,160111,450
19921031,167945,167945,164028,164028,2220
19921030,164028,164028,164028,164028,2340
19921029,152277,160111,152277,160111,1400
19921028,156194,156194,156194,156194,50
19921027,160111,160111,160111,160111,280
19921026,156194,156194,156194,156194,170
19921024,144932,152277,144932,152277,920
19921023,148360,152277,148360,148360,2360
19921022,155704,155704,152277,152277,730
19921021,151787,151787,151787,151787,1040
19921020,147870,147870,146989,147870,1150
19921019,144932,144932,144834,144932,1640
19921017,141995,141995,141505,141995,3330
19921016,139057,139057,139057,139057,140
19921015,136119,136119,136119,136119,1490
19921014,133181,133181,133181,133181,190
19921013,130243,130243,130243,130243,2120
19921012,127305,127305,127305,127305,890
19921010,124368,124368,124368,124368,220
19921009,121430,121430,121430,121430,140
19921008,118492,118492,118492,118492,2510
19921007,114575,115554,114575,115554,340
19921006,109678,112616,109678,112616,50
19921005,112616,112616,112616,112616,330
19921002,113106,115554,113106,115554,110
19921001,115554,115554,115554,115554,120
19920930,118492,118492,118492,118492,30
19920929,121430,121430,119471,121430,1070
19920928,115554,118492,115554,118492,170
19920926,115554,115554,115554,115554,50
19920925,115554,115554,115554,115554,0
19920924,115554,115554,112616,115554,260
19920923,118492,118492,115554,115554,40
19920922,115554,115554,115554,115554,10
19920921,115554,115554,115554,115554,380
19920919,118492,118492,118492,118492,80
19920918,118492,118492,118492,118492,20
19920917,121430,121430,121430,121430,50
19920916,121430,121528,121430,121430,110
19920915,121430,121430,121430,121430,10
19920914,121430,121430,121430,121430,0
19920909,121430,121430,121430,121430,170
19920908,125347,125347,124368,124368,300
19920907,124368,127305,124368,127305,210
19920905,130243,130243,127305,127305,100
19920904,133181,133181,130243,130243,160
19920903,130243,133181,130243,133181,120
19920902,130243,133181,127305,133181,230
19920901,136119,136119,130243,130243,110
19920831,133181,133181,133181,133181,30
19920829,130733,130733,130733,130733,0
19920828,121510,121510,121510,121510,0
19920827,120113,120113,120113,120113,0
19920826,117320,117320,117320,117320,190
19920825,110802,114527,110802,114527,1190
19920824,111733,111733,111733,111733,10
19920822,111733,111733,111733,111733,30
19920821,114527,114527,114527,114527,10
19920820,114992,114992,114992,114992,0
19920819,115365,115458,115365,115458,1020
19920818,115458,115458,115458,115458,0
19920817,115458,115458,115458,115458,0
19920814,116389,116389,115458,115458,1050
19920813,116389,118251,116389,118251,120
19920812,118251,118251,116389,118251,1320
19920811,119182,119182,119182,119182,20
19920810,116389,121976,116389,116389,50
19920808,119182,119182,119182,119182,0
19920807,119182,119182,119182,119182,0
19920806,118717,118717,118717,118717,190
19920805,121510,121510,121510,121510,660
19920804,125700,125700,124303,124303,30
19920803,127097,127097,127097,127097,60
19920801,129890,129890,129890,129890,20
19920731,132683,132683,132683,132683,0
19920730,135477,135477,135477,135477,0
19920729,135477,135477,135477,135477,0
19920728,135570,135570,135570,135570,150
19920727,135477,135477,135477,135477,0
19920725,135477,135477,135477,135477,0
19920724,135477,135477,135477,135477,0
19920723,135477,135477,135477,135477,100
19920722,138270,139667,135477,135477,730
19920721,135942,138270,135942,138270,20
19920720,130356,135942,130356,135942,1210
19920718,133149,133149,133149,133149,0
19920716,135942,135942,135942,135942,0
19920715,139667,139667,139667,139667,0
19920714,145253,145253,143391,143391,50
19920713,147116,147116,147116,147116,110
19920711,150840,150840,150840,150840,0
19920710,148978,152702,148978,152702,60
19920709,151306,151306,148978,148978,30
19920708,146650,152237,144788,152237,560
19920707,148512,148512,148512,148512,0
19920706,148512,148512,148512,148512,0
19920704,148606,148606,148512,148512,50
19920703,152237,152237,152237,152237,130
19920702,159686,159686,155961,155961,430
19920701,155961,155961,155961,155961,220
19920630,144974,152237,144974,152237,210
19920629,148512,148978,148512,148512,210
19920627,152237,152237,152237,152237,0
19920626,155961,155961,155961,155961,200
19920625,159686,159686,159686,159686,50
19920624,162852,165738,162852,163410,170
19920623,159779,162945,159779,162945,940
19920622,163503,163503,163503,163503,560
19920620,167228,167228,167228,167228,200
19920619,170952,170952,170952,170952,1150
19920618,174677,174677,174677,174677,780
19920617,178401,178401,178401,178401,590
19920616,182126,182126,182126,182126,210
19920615,189575,189575,185850,185850,1010
19920613,185850,189947,185850,185850,170
19920612,192740,192740,190878,191344,680
19920611,187154,187154,187154,187154,510
19920610,185291,185291,183429,183429,1560
19920609,175049,182498,175049,182498,2790
19920608,178774,181567,175049,178774,1460
19920605,179705,179705,178774,178774,1170
19920604,174118,177843,174118,175980,2230
19920603,177843,177843,177843,177843,450
19920602,181567,181567,181567,181567,760
19920601,192740,192740,185291,185291,1510
19920530,189016,189016,189016,189016,1440
19920529,185291,185291,185291,185291,170
19920528,177843,181567,175049,181567,1560
19920527,174118,177843,174118,177843,2080
19920526,177843,181567,177843,177843,1480
19920525,181567,183429,181567,181567,970
19920523,185291,187992,185291,185291,1770
19920522,189016,189016,189016,189016,190
19920521,200189,200189,192740,192740,340
19920520,196465,196465,196465,196465,1200
19920519,192740,192740,192740,192740,600
19920518,189016,189016,189016,189016,60
19920516,185291,185291,185291,185291,190
19920515,181567,181567,181567,181567,120
19920514,175049,177843,175049,177843,870
19920513,168531,174118,166669,174118,930
19920512,169462,174956,169462,170394,770
19920511,175049,175049,167600,173187,270
19920509,171325,171325,171325,171325,1660
19920508,162945,167600,160151,167600,3250
19920507,163876,163876,163876,163876,4010
19920506,160151,160151,160151,160151,630
19920504,156427,156427,156427,156427,1380
19920502,152702,152702,152702,152702,270
19920501,148978,148978,148978,148978,260
19920430,145253,145253,145253,145253,1070
19920429,141622,141622,140598,141529,2780
19920428,133242,138829,133242,138829,1180
19920427,135942,136035,135942,136035,800
19920425,140598,140598,138736,138736,150
19920424,140598,140598,140598,140598,1540
19920423,137805,137805,137805,137805,280
19920422,129425,135011,129425,135011,210
19920421,134918,135011,132218,132218,360
19920420,134080,138736,134080,135011,630
19920418,135849,136035,135849,135942,1220
19920417,146092,146092,138643,138643,3150
19920416,142367,142367,142367,142367,150
19920415,139574,139574,139574,139574,770
19920414,131194,136780,131194,136780,5600
19920413,133987,133987,133987,133987,180
19920411,136780,136780,136780,136780,120
19920410,140598,144229,140505,140505,1750
19920409,144229,144229,144229,144229,2260
19920408,147954,147954,147954,147954,30
19920407,151678,151678,151678,151678,180
19920406,155496,159127,155403,155403,1560
19920404,159127,159127,159127,159127,230
19920403,162945,162945,155496,162852,1510
19920402,159220,159220,159220,159220,790
19920401,155496,155496,155496,155496,10
19920331,151771,151771,151771,151771,130
19920330,148047,148047,148047,148047,60
19920328,144322,144322,144322,144322,150
19920327,140598,140598,140598,140598,250
19920326,137805,137805,137805,137805,60
19920325,135011,135011,135011,135011,180
19920323,132218,132218,132218,132218,30
19920321,129425,129425,129425,129425,40
19920320,126631,126631,126631,126631,210
19920319,123838,123838,123838,123838,260
19920318,121044,121044,121044,121044,110
19920317,118251,118251,118251,118251,410
19920316,115458,115458,115458,115458,780
19920314,111733,112664,109871,112664,810
19920313,107078,109871,107078,109871,1940
19920312,107078,107078,105216,107078,450
19920311,103353,108009,103353,108009,710
19920309,108009,108009,105309,105309,170
19920307,108009,108009,108009,108009,10
19920306,110802,110802,108009,108009,330
19920305,108009,108009,105216,108009,680
19920304,102888,105216,102888,105216,2200
19920303,105681,105681,105681,105681,580
19920302,102888,102888,102888,102888,680
19920229,100094,100094,100094,100094,120
19920228,97301,97301,97301,97301,590
19920227,94508,94508,94508,94508,1590
19920226,92180,92180,92180,92180,370
19920225,87524,89852,87524,89852,280
19920224,85197,87524,85197,87524,460
19920222,85197,85197,85197,85197,680
19920221,82869,82869,82869,82869,370
19920220,78213,80541,78213,80541,1040
19920219,78213,78213,78213,78213,1470
19920218,78027,78027,77282,77282,180
19920217,78213,78213,78120,78213,510
19920215,77748,79610,77748,79610,700
19920214,81007,81007,78213,79982,370
19920213,78213,81007,78213,80075,490
19920212,79144,80075,79051,79144,2920
19920211,78213,79144,78213,78213,1960
19920210,82217,82217,78213,78213,630
19920208,80541,80541,80075,80075,230
19920207,80541,80541,80541,80541,100
19920206,78213,78679,76351,78213,1370
19920201,76351,76351,76351,76351,780
19920131,77282,79610,77282,77282,190
19920130,74489,77282,74489,77282,200
19920129,76351,76351,74489,74954,330
19920128,79144,79144,76817,76817,590
19920127,81379,81379,79144,79144,1270
19920125,79144,79144,79144,79144,1850
19920124,76817,76817,76817,76817,200
19920123,74489,74489,74489,74489,800
19920122,72161,72161,72161,72161,50
19920121,69833,69833,69368,69833,2160
19920120,67040,67505,67040,67505,630
19920118,67040,67040,63502,65178,220
19920117,63315,65178,63315,65178,450
19920116,64246,64246,62384,63315,540
19920115,64246,64246,64246,64246,230
19920114,64246,64246,64246,64246,130
19920113,64246,64246,62384,62384,150
19920111,64246,64246,64246,64246,50
19920110,64246,64246,64246,64246,0
19920109,65084,65084,65084,65084,100
19920108,66109,66109,65178,65178,530
19920107,64246,64246,64246,64246,10
19920106,62384,62384,62384,62384,60
19920104,60522,60522,60522,60522,10
19920103,58660,58660,58660,58660,20
19911226,56332,56798,56332,56798,170
19911224,56332,56332,56332,56332,20
19911223,54935,54935,54935,54935,100
19911221,53073,53073,53073,53073,0
19911220,53073,53073,53073,53073,140
19911219,52142,52142,52142,52142,30
19911218,52142,52142,50466,50466,70
19911217,50373,50373,50280,50373,160
19911216,51956,51956,51956,51956,20
19911214,51770,51770,51770,51770,50
19911213,52328,53539,52328,53539,30
19911212,54004,54004,54004,54004,0
19911211,54004,54004,54004,54004,0
19911210,54004,54004,54004,54004,0
19911209,54004,54004,54004,54004,0
19911207,53073,54749,53073,54749,200
19911206,53073,53073,53073,53073,0
19911205,53073,53073,53073,53073,510
19911204,53818,53818,53818,53818,0
19911203,54004,54004,54004,54004,0
19911202,54004,54004,54004,54004,0
19911130,54190,54190,54097,54097,40
19911129,52794,52794,52794,52794,100
19911128,54656,54656,54656,54656,0
19911127,54656,54656,54656,54656,0
19911126,54842,54842,54842,54842,80
19911125,53073,54935,53073,54935,60
19911123,53166,53166,53166,53166,0
19911122,53073,53539,53073,53166,360
19911121,53539,53539,53539,53539,0
19911120,54004,54004,54004,54004,0
19911119,54004,54004,54004,54004,0
19911118,54004,54004,54004,54004,100
19911116,54935,54935,54935,54935,0
19911115,51676,55401,51676,55401,90
19911114,53539,53539,53539,53539,0
19911113,54004,54004,54004,54004,0
19911112,54935,54935,54470,54470,390
19911111,54935,54935,54935,54935,260
19911109,51211,53073,51211,53073,230
19911108,51211,51211,51118,51211,900
19911107,49349,49349,49349,49349,60
19911106,48417,48417,48417,48417,0
19911105,48417,48417,48417,48417,50
19911104,48417,48883,48417,48417,190
19911102,47952,47952,47952,47952,20
19911101,52142,52142,49814,49814,190
19911031,49814,51676,49814,51676,700
19911030,49814,49814,49814,49814,320
19911029,49814,49814,49814,49814,0
19911028,50745,50745,50745,50745,0
19911026,51676,51676,51676,51676,0
19911025,51770,51770,51770,51770,0
19911024,51770,51770,51770,51770,0
19911023,51770,52142,51770,51770,620
19911022,50838,50838,50838,50838,170
19911021,48976,48976,48976,48976,540
19911019,47114,47114,47114,47114,120
19911018,45624,45624,45624,45624,210
19911017,46090,46090,45624,45624,50
19911016,44786,44786,44786,44786,10
19911015,43296,43296,43296,43296,0
19911014,43296,43296,43296,43296,0
19911012,42831,42831,42831,42831,0
19911011,42831,42831,42831,42831,0
19911010,42831,42831,42831,42831,100
19911009,42831,42831,42831,42831,0
19911008,42831,42831,42831,42831,0
19911007,42831,42831,42831,42831,0
19911005,42831,42831,42831,42831,0
19911004,42831,42831,42831,42831,0
19911002,42831,42831,42831,42831,0
19911001,42831,42831,42831,42831,0
19910930,42831,42831,42831,42831,0
19910928,42831,42831,42831,42831,0
19910927,42365,42365,42365,42365,0
19910926,41900,41900,41900,41900,100
19910925,40969,40969,40969,40969,0
19910924,40969,40969,40969,40969,0
19910920,40969,40969,40969,40969,0
19910919,40969,40969,40969,40969,0
19910918,40969,40969,40969,40969,0
19910917,40969,40969,40969,40969,0
19910916,40969,40969,40969,40969,0
19910914,40969,40969,40969,40969,0
19910913,40969,40969,40969,40969,0
19910912,40969,40969,40969,40969,0
19910911,40969,40969,40969,40969,0
19910910,40969,40969,40969,40969,40
19910909,41434,41434,41434,41434,0
19910907,41434,41434,41434,41434,0
19910906,41434,41434,41434,41434,20
19910905,41434,41434,41434,41434,0
19910904,41434,41434,41434,41434,0
19910903,41434,41434,41434,41434,0
19910902,41434,41434,41434,41434,0
19910831,41434,41434,41434,41434,0
19910830,41434,41434,41434,41434,0
19910829,42365,42365,42365,42365,150
19910828,42365,42365,42365,42365,0
19910827,42365,42365,42365,42365,100
19910826,43762,43762,43762,43762,0
19910824,43762,43762,43762,43762,0
19910823,44693,44693,44693,44693,250
19910822,46555,46555,46555,46555,0
19910821,46555,46555,46555,46555,0
19910820,46555,46555,46555,46555,0
19910819,46555,46555,46555,46555,0
19910817,46555,46555,46555,46555,50
19910816,47207,47207,47207,47207,780
19910814,47486,47486,47486,47486,7360
19910813,48417,48417,48417,48417,0
19910812,48417,48417,48417,48417,0
19910810,48417,48417,48417,48417,0
19910809,48417,48417,48417,48417,10
19910808,48417,48417,48417,48417,0
19910807,48417,48417,48417,48417,0
19910806,48417,48417,48417,48417,8370
19910805,48511,48511,48417,48417,1040
19910803,47952,47952,47952,47952,10
19910802,49814,49814,49814,49814,30
19910801,50280,50280,50280,50280,0
19910731,50280,50280,50280,50280,8990
19910730,50280,50280,50280,50280,20
19910729,47486,50280,47486,50280,20
19910727,49349,49349,49349,49349,0
19910726,49349,49349,49349,49349,0
19910725,49349,49349,49349,49349,0
19910724,49349,49349,49349,49349,0
19910723,49349,49349,49349,49349,20
19910722,51211,51211,51211,51211,0
19910720,51211,51211,51211,51211,0
19910719,51211,51211,51211,51211,0
19910718,51211,51211,51211,51211,10
19910716,49349,49349,49349,49349,20
19910715,49349,49349,49349,49349,0
19910713,49349,49349,49349,49349,0
19910712,46555,49349,46555,49349,20
19910711,47486,47486,47486,47486,0
19910710,49349,49349,49349,49349,0
19910709,49349,49349,49349,49349,0
19910708,49349,49349,49349,49349,20
19910706,48417,48417,47486,47486,20
19910705,46555,46555,46555,46555,0
19910704,46555,46555,46555,46555,10
19910703,46555,46555,46555,46555,0
19910702,46555,46555,46555,46555,50
19910701,46555,46555,46555,46555,40
19910629,46555,46555,46555,46555,0
19910628,46555,46555,46555,46555,50
19910627,46555,46555,46555,46555,60
19910626,46741,46741,46741,46741,780
19910625,46555,46555,46555,46555,2770
19910624,46555,46555,46555,46555,0
19910622,46555,46555,46555,46555,0
19910621,46555,46555,46555,46555,50
19910619,46090,46555,46090,46555,90
19910618,46555,46555,46555,46555,0
19910617,46555,46555,46555,46555,250
19910615,46555,46555,46555,46555,0
19910614,46555,46555,46555,46555,0
19910613,46555,46555,46555,46555,20
19910612,47021,47021,47021,47021,0
19910611,47021,47021,47021,47021,0
19910610,47021,47021,47021,47021,0
19910608,47021,47021,47021,47021,0
19910607,47021,47021,47021,47021,0
19910605,47021,47021,47021,47021,10
19910604,45624,45624,45624,45624,0
19910603,45624,45624,45624,45624,0
19910601,45624,45624,45624,45624,0
19910531,45624,45624,45624,45624,0
19910530,45624,45624,45624,45624,0
19910529,45624,45624,45624,45624,0
19910528,45624,45624,45624,45624,0
19910527,45624,45624,45624,45624,0
19910525,45624,45624,45624,45624,0
19910524,45624,45624,45624,45624,0
19910523,45624,45624,45624,45624,0
19910522,45624,45624,45624,45624,0
19910520,46090,46090,46090,46090,40
19910518,44693,44693,44693,44693,0
19910517,44693,44693,44693,44693,0
19910516,44693,44693,44693,44693,0
19910515,44693,44693,44693,44693,0
19910514,44693,44693,44693,44693,0
19910513,44693,44693,44693,44693,20
19910511,44693,44693,44693,44693,0
19910510,44693,44693,44693,44693,0
19910509,44693,44693,44693,44693,0
19910508,44693,44693,44693,44693,0
19910507,44693,44693,44693,44693,0
19910506,44693,44693,44693,44693,0
19910504,44693,44693,44693,44693,0
19910503,44693,44693,44693,44693,0
19910502,44693,44693,44693,44693,20
19910501,44693,44693,44693,44693,20
19910430,44693,44693,44693,44693,20
19910429,44693,44693,44693,44693,10
19910427,45159,45159,45159,45159,0
19910426,45159,45159,45159,45159,0
19910425,45159,45159,45159,45159,0
19910424,45159,45159,45159,45159,0
19910423,45159,45159,45159,45159,0
19910422,43762,43762,43762,43762,0
19910420,43762,43762,43762,43762,0
19910419,43762,43762,43762,43762,0
19910418,43762,43762,43762,43762,0
19910417,43762,43762,43762,43762,0
19910416,43762,43762,43762,43762,0
19910415,43762,43762,43762,43762,0
19910413,43762,43762,43762,43762,0
19910412,43762,43762,43762,43762,0
19910411,43762,43762,43762,43762,0
19910410,43762,43762,43762,43762,0
19910409,43762,43762,43762,43762,0
19910408,43762,43762,43762,43762,0
19910406,43762,43762,43762,43762,0
19910404,43762,43762,43762,43762,0
19910403,43762,43762,43762,43762,0
19910402,43762,43762,43762,43762,0
19910401,43762,43762,43762,43762,0
19910330,43762,43762,43762,43762,0
19910329,43762,43762,43762,43762,50
19910328,43762,43762,43762,43762,0
19910327,43762,43762,43762,43762,0
19910325,43762,43762,43762,43762,10
19910323,43762,43762,43762,43762,0
19910322,43762,43762,43762,43762,0
19910321,43762,43762,43762,43762,0
19910320,43762,43762,43762,43762,0
19910319,43762,43762,43762,43762,20
19910318,44321,44321,44321,44321,0
19910316,44227,44227,44227,44227,0
19910315,43762,43762,43762,43762,0
19910314,43483,43483,43483,43483,10
19910313,42272,42272,42272,42272,30
19910312,43762,43762,43762,43762,0
19910311,43762,43762,43762,43762,0
19910309,43762,43762,43762,43762,0
19910308,43762,43762,43762,43762,0
19910307,43762,43762,43762,43762,0
19910306,42365,43762,42365,43762,30
19910305,42365,42365,42365,42365,0
19910304,42365,42365,42365,42365,20
19910302,42365,42365,42365,42365,10
19910228,42365,42365,42365,42365,0
19910227,42365,42365,42365,42365,10
19910226,41900,41900,41900,41900,0
19910225,41434,41434,41434,41434,0
19910223,40969,40969,40969,40969,0
19910222,40969,40969,40969,40969,0
19910221,40969,40969,40969,40969,0
19910220,40969,40969,40969,40969,10
19910219,40875,40969,40875,40969,100
19910218,42365,42365,42365,42365,0
19910213,42365,42365,42365,42365,0
19910212,42365,42365,42365,42365,0
19910211,42365,42365,42365,42365,0
19910209,42365,42365,42365,42365,0
19910208,42365,42365,42365,42365,0
19910207,42365,42365,42365,42365,0
19910206,42365,42365,42365,42365,0
19910205,42365,42365,42365,42365,20
19910204,42365,42365,42365,42365,0
19910202,42365,42365,42365,42365,0
19910201,42365,42365,42365,42365,0
19910131,42365,42365,42365,42365,10
19910130,43762,43762,43762,43762,70
19910129,43762,43762,43762,43762,0
19910128,43948,43948,43948,43948,0
19910126,43948,43948,43948,43948,0
19910125,43948,43948,43948,43948,0
19910124,45438,45438,45438,45438,0
19910123,45438,45438,45438,45438,0
19910122,45438,45438,45438,45438,0
19910121,45438,45438,45438,45438,0
19910119,45531,45531,45531,45531,0
19910118,45624,45624,45624,45624,0
19910117,45624,45624,45624,45624,0
19910116,45624,45624,45624,45624,0
19910115,45624,45624,45624,45624,0
19910114,45624,45624,45624,45624,0
19910112,45624,45624,45624,45624,0
19910111,45624,45624,45624,45624,0
19910110,45624,45624,45624,45624,0
19910109,45624,45624,45624,45624,0
19910108,45624,45624,45624,45624,0
19910107,46090,46090,46090,46090,0
19910105,46369,46369,46369,46369,0
19910104,46369,46369,46369,46369,0
19910103,46369,46369,46369,46369,0
19901226,46369,46369,46369,46369,2010
19901224,46369,46369,46369,46369,180
19901222,46369,46369,46369,46369,10
19901221,46276,46276,46276,46276,0
19901220,46276,46276,46276,46276,0
19901219,46276,46276,46276,46276,0
19901218,46090,46090,46090,46090,390
19901217,46090,46090,46090,46090,10
19901215,46090,46090,46090,46090,0
19901214,46090,46090,46090,46090,0
19901213,46090,46090,46090,46090,800
19901212,46090,46090,46090,46090,0
19901211,44507,45903,44507,45903,200
19901210,45903,45903,45903,45903,460
19901208,46555,46555,46555,46555,0
19901207,46555,46555,46555,46555,0
19901206,46555,46555,46555,46555,0
19901205,46555,46555,46555,46555,0
19901204,46555,46555,46555,46555,0
19901203,46555,46555,46555,46555,0
19901201,46555,46555,46555,46555,0
19901130,46555,46555,46555,46555,0
19901129,46555,46555,46555,46555,0
19901128,46555,46555,46555,46555,100
19901127,46555,46555,46555,46555,0
19901126,46555,46555,46555,46555,20
19901124,46555,46555,46555,46555,0
19901123,46555,46555,46555,46555,0
19901122,46555,46555,46555,46555,2630
19901121,46555,46555,46555,46555,0
19901120,46555,46555,46555,46555,60
19901119,46555,46555,46555,46555,140
19901117,46555,46555,46555,46555,0
19901116,46555,46555,46555,46555,630
19901115,46555,46555,46555,46555,830
19901114,46555,46555,46555,46555,0
19901113,46555,46555,46555,46555,0
19901112,46555,46555,46555,46555,0
19901110,46555,46555,46555,46555,360
19901109,46555,46555,46555,46555,120
19901108,46090,46090,46090,46090,0
19901107,44134,46090,44134,46090,100
19901106,45624,45624,45624,45624,0
19901105,45624,45624,45624,45624,20
19901103,46928,46928,46928,46928,0
19901102,47021,47021,47021,47021,0
19901101,47207,47207,47207,47207,0
19901031,47207,47207,47207,47207,20
19901030,48045,48045,48045,48045,650
19901029,47207,47207,47207,47207,0
19901027,47207,47207,47207,47207,260
19901026,47207,47207,47207,47207,0
19901025,47486,47486,47486,47486,0
19901024,47486,47673,47486,47673,170
19901023,46183,46183,46183,46183,20
19901022,44693,44693,44693,44693,40
19901020,44693,44693,44693,44693,0
19901019,43296,44693,43296,44693,170
19901018,44693,44693,44227,44227,290
19901017,44693,44693,44693,44693,30
19901016,45810,45810,45810,45810,60
19901015,45717,45810,45717,45810,150
19901013,46183,46183,46183,46183,10
19901012,47486,47486,47486,47486,0
19901011,47952,47952,47952,47952,0
19901010,47952,47952,47952,47952,0
19901008,47952,47952,47952,47952,0
19901006,47952,47952,47952,47952,10
19901005,47486,47486,47486,47486,0
19900929,47486,47486,47486,47486,0
19900928,47486,47486,47486,47486,0
19900927,46835,46835,46835,46835,10
19900926,48604,48604,48604,48604,0
19900925,45810,48697,45810,48697,40
19900924,47673,47673,47673,47673,0
19900922,48697,48697,48697,48697,0
19900921,48697,48697,48697,48697,0
19900920,48697,48697,48697,48697,0
19900919,48790,48790,48790,48790,0
19900918,48883,48883,48883,48883,0
19900917,48883,48883,48883,48883,0
19900915,49069,49069,49069,49069,0
19900914,49069,49069,49069,49069,10
19900913,49069,49069,49069,49069,0
19900912,49069,49069,49069,49069,570
19900911,48976,48976,48976,48976,0
19900910,48976,48976,48976,48976,0
19900908,48976,48976,48976,48976,0
19900907,48976,48976,48976,48976,100
19900906,48976,48976,48976,48976,500
19900905,48976,48976,48976,48976,0
19900904,48976,48976,48976,48976,0
19900903,49349,49349,48976,48976,60
19900901,48883,48883,48883,48883,0
19900831,48883,48883,48883,48883,20
19900830,45717,48883,45717,48883,430
19900829,49349,50932,48883,48883,40
19900828,49069,49069,49069,49069,20
19900827,49069,49069,49069,49069,0
19900825,49069,49069,49069,49069,0
19900824,49069,49069,49069,49069,10
19900823,49069,49069,49069,49069,1700
19900822,48883,48883,48883,48883,770
19900821,48417,48417,48417,48417,0
19900820,48417,48417,48417,48417,0
19900818,48417,48417,48417,48417,0
19900817,48697,48697,48697,48697,0
19900816,48697,48697,48697,48697,0
19900814,48697,48697,48697,48697,0
19900813,48697,48697,48697,48697,0
19900811,48697,48697,48697,48697,0
19900810,48697,48697,48697,48697,0
19900809,48697,48697,48697,48697,0
19900808,48697,48697,48697,48697,0
19900807,48697,48697,48697,48697,0
19900806,48697,48697,48697,48697,8530
19900804,49349,49349,49349,49349,0
19900803,49349,49349,49349,49349,0
19900802,49349,49349,49349,49349,0
19900801,49349,49349,49349,49349,0
19900731,49349,49349,49349,49349,0
19900730,49349,49349,49349,49349,0
19900728,49349,49349,49349,49349,0
19900727,47486,49349,47486,49349,60
19900726,49349,49349,49349,49349,0
19900725,49442,49442,49442,49442,1300
19900724,49349,49349,49349,49349,0
19900723,50280,50280,50280,50280,2150
19900721,50280,50280,50280,50280,0
19900720,50280,50280,49814,50280,250
19900719,47207,48417,45624,48417,6140
19900718,48324,48324,47486,47486,8150
19900716,48417,48417,48417,48417,6500
19900714,48417,48417,48417,48417,0
19900713,48417,48417,48417,48417,0
19900712,48883,48883,48883,48883,0
19900711,48883,48883,48883,48883,2000
19900710,49349,49349,49349,49349,0
19900709,49349,49349,49349,49349,20
19900707,49814,49814,49814,49814,10
19900706,50652,50652,50652,50652,0
19900705,50652,50652,50652,50652,0
19900704,50652,50652,50652,50652,0
19900703,50652,50652,50652,50652,0
19900702,50652,50652,50652,50652,0
19900630,50745,50745,50745,50745,0
19900629,50745,50745,50745,50745,0
19900628,50745,50745,50745,50745,0
19900627,50745,50745,50745,50745,950
19900626,51211,51211,51211,51211,0
19900625,51211,51211,51211,51211,0
19900623,51211,51211,51211,51211,0
19900622,51211,51211,51211,51211,0
19900621,51211,51211,51211,51211,10
19900620,49349,49349,49349,49349,0
19900619,49349,49349,49349,49349,2010
19900618,50280,50280,50280,50280,0
19900616,50280,50280,50280,50280,0
19900615,50280,50280,50280,50280,0
19900614,50280,50280,50280,50280,0
19900613,50280,50280,50280,50280,2000
19900612,50652,50652,50652,50652,0
19900611,50652,50652,50652,50652,20
19900609,51676,51676,51676,51676,0
19900608,51676,51676,51676,51676,0
19900607,51676,51676,51676,51676,0
19900605,51676,51676,51676,51676,0
19900604,51676,51676,51676,51676,0
19900602,51676,51676,51676,51676,60
19900601,51676,51676,51676,51676,0
19900531,51676,51676,51676,51676,0
19900530,51676,51676,51676,51676,0
19900529,49814,51676,49814,51676,200
19900528,50373,50373,50373,50373,0
19900526,50373,50373,50373,50373,0
19900525,50373,50373,50373,50373,0
19900524,50373,50373,50373,50373,100
19900523,51118,51118,51118,51118,0
19900522,50373,51211,50373,51211,30
19900521,50373,50373,50373,50373,110
19900519,50280,50280,50280,50280,0
19900518,50280,50280,50280,50280,10
19900517,50280,50280,50280,50280,0
19900516,49349,50280,47486,50280,90
19900515,49349,49349,49349,49349,10
19900514,51211,51211,51211,51211,0
19900512,53073,53073,53073,53073,0
19900511,53073,53073,53073,53073,0
19900510,53539,53539,53539,53539,0
19900509,53539,53539,53539,53539,20
19900508,54470,54470,54470,54470,0
19900507,54470,54470,54470,54470,0
19900504,54935,54935,54935,54935,0
19900503,55308,55308,55308,55308,490
19900501,55401,55401,55401,55401,0
19900430,55401,55401,55401,55401,0
19900428,55401,55401,55401,55401,0
19900427,55401,55401,55401,55401,0
19900426,55401,55401,55401,55401,0
19900425,55401,55401,55401,55401,0
19900424,55401,55401,55401,55401,0
19900423,55401,55401,55401,55401,0
19900421,55401,55401,55401,55401,0
19900420,55401,55401,55401,55401,0
19900419,55401,55401,55401,55401,0
19900418,55401,55401,55401,55401,0
19900417,55401,55401,55401,55401,0
19900416,55680,55680,55680,55680,0
19900414,55680,55680,55680,55680,0
19900413,55680,55680,55680,55680,0
19900412,55680,55680,55680,55680,0
19900411,55680,55680,55680,55680,1230
19900410,55587,55587,55587,55587,1310
19900409,55866,55866,55866,55866,0
19900407,55866,55866,55866,55866,0
19900406,55866,55866,55866,55866,0
19900404,55866,55866,55866,55866,0
19900403,55866,55866,55866,55866,0
19900402,55866,55866,55866,55866,0
19900331,55866,55866,55866,55866,20
19900330,54935,54935,54935,54935,170
19900329,53073,53073,53073,53073,0
19900328,53073,53073,53073,53073,0
19900327,53073,53073,53073,53073,0
19900326,53073,53073,53073,53073,40
19900324,53073,53073,53073,53073,20
19900323,54004,54004,53539,53539,220
19900322,54004,54004,54004,54004,40
19900321,54470,54470,54470,54470,0
19900320,54470,54470,54470,54470,30
19900319,54935,54935,54935,54935,0
19900317,55401,55401,55401,55401,0
19900316,55401,55401,55401,55401,0
19900315,55773,55773,55773,55773,10
19900314,57636,57636,57636,57636,0
19900313,57636,57636,57636,57636,0
19900312,57636,57636,57636,57636,0
19900309,57636,57636,57636,57636,100
19900308,58194,58194,58194,58194,0
19900307,58474,58474,58474,58474,0
19900306,58474,58474,58474,58474,0
19900305,59498,59498,59498,59498,10
19900303,57729,57729,57729,57729,0
19900302,57729,57729,57729,57729,0
19900228,57729,57729,57729,57729,0
19900227,59591,59591,58660,58660,20
19900226,58660,58660,58660,58660,0
19900224,59591,59591,59591,59591,0
19900223,60522,60522,60522,60522,10
19900222,58660,58660,58660,58660,0
19900221,56798,58660,56798,58660,20
19900220,56798,56798,56798,56798,10
19900219,55866,55866,55866,55866,0
19900217,55866,56798,55866,55866,380
19900216,55866,55866,55866,55866,10
19900215,54004,54004,54004,54004,20
19900214,52608,52608,52608,52608,40
19900213,52608,52608,52608,52608,0
19900212,52608,52608,52608,52608,0
19900210,52608,52608,52608,52608,0
19900209,52608,53073,52608,52608,70
19900208,52608,52608,52608,52608,40
19900207,52235,52608,52235,52608,270
19900206,52142,52142,52142,52142,30
19900205,53073,53073,53073,53073,0
19900203,53073,53073,53073,53073,0
19900202,53073,53073,53073,53073,30
19900201,53073,53073,53073,53073,20
19900131,52887,52887,52887,52887,0
19900130,52887,52887,52887,52887,0
19900129,52887,52887,52887,52887,0
19900125,52887,52887,52887,52887,20
19900124,52142,52142,52142,52142,0
19900123,51211,51211,51211,51211,0
19900122,51211,51211,51211,51211,0
19900120,51211,51211,51211,51211,0
19900119,51211,51211,51211,51211,50
19900118,51211,51211,51211,51211,10
19900117,48883,49814,48883,49628,240
19900116,50559,50559,50559,50559,80
19900115,52142,52142,52142,52142,0
19900113,52142,52142,52142,52142,0
19900112,52142,52142,52142,52142,10
19900111,52421,52421,52421,52421,0
19900110,52421,52421,52421,52421,50
19900109,52235,52235,52235,52235,20
19900108,54004,54004,54004,54004,0
19900106,54004,54004,54004,54004,20
19900105,55866,55866,55866,55866,0
19900104,55866,55866,55866,55866,0
19900103,55866,55866,55866,55866,0
19891226,55866,55866,55866,55866,50
19891223,56332,56332,56332,56332,30
19891222,56704,56704,56704,56704,30
19891221,56798,56798,56798,56798,50
19891220,56798,56798,56798,56798,0
19891219,57263,57263,57263,57263,0
19891218,57729,57729,57729,57729,0
19891216,57729,57729,57729,57729,0
19891215,58194,58194,58194,58194,0
19891214,58660,58660,58660,58660,0
19891213,57729,58660,57729,58660,200
19891212,57729,57729,57729,57729,30
19891211,57356,57356,57356,57356,0
19891209,57729,57729,57729,57729,0
19891208,57729,57729,57729,57729,0
19891207,57729,57729,57729,57729,40
19891206,55866,55866,55866,55866,10
19891205,55866,55866,55866,55866,60
19891204,55866,55866,55866,55866,50
19891202,57729,57729,57729,57729,0
19891201,58660,58660,58660,58660,0
19891130,58660,58660,58660,58660,0
19891129,58660,58660,58660,58660,10
19891128,58660,58660,58660,58660,0
19891127,58660,58660,58660,58660,10
19891125,58660,58660,58660,58660,0
19891124,58660,58660,58660,58660,70
19891123,58660,58660,58660,58660,10
19891122,57729,57729,57729,57729,30
19891121,57729,57729,57729,57729,30
19891120,58567,58567,58567,58567,0
19891118,58567,58567,58567,58567,0
19891117,59498,59498,58567,58567,70
19891116,58567,58567,58567,58567,0
19891115,58567,58567,58567,58567,10
19891114,56704,58567,56704,58567,150
19891113,58567,58567,58567,58567,0
19891111,58567,58567,58567,58567,0
19891110,58567,58567,58567,58567,0
19891109,58660,58660,58660,58660,0
19891108,58660,58660,58660,58660,0
19891107,58660,58660,58660,58660,0
19891106,58660,58660,58660,58660,0
19891104,58660,58660,58660,58660,0
19891103,58567,58567,58567,58567,20
19891102,58567,58567,58567,58567,10
19891101,58567,58567,58567,58567,0
19891031,58567,58567,58567,58567,0
19891030,58567,58567,58567,58567,0
19891028,58567,58567,58567,58567,0
19891027,58660,58660,58660,58660,0
19891026,58660,58660,58660,58660,0
19891025,58660,58660,58660,58660,0
19891024,59591,59591,58660,58660,270
19891023,59591,59591,59591,59591,60
19891021,59591,59591,59591,59591,0
19891020,59591,59591,59591,59591,0
19891019,59591,59591,59591,59591,0
19891018,59963,59963,59963,59963,0
19891017,59963,59963,59963,59963,40
19891016,59963,59963,59963,59963,0
19891014,59963,59963,59963,59963,0
19891013,60056,60056,60056,60056,0
19891012,60243,60243,60243,60243,10
19891011,58380,58380,58380,58380,0
19891010,58380,58380,58380,58380,0
19891007,58380,58380,58380,58380,0
19891006,58474,58474,58380,58380,60
19891005,58660,58660,58660,58660,0
19891004,58660,58660,58660,58660,10
19890930,58194,58660,58194,58660,220
19890929,57263,57263,57263,57263,20
19890928,57263,57263,57263,57263,0
19890927,55866,58660,55866,58660,50
19890926,57729,57729,57729,57729,0
19890925,59591,59591,59591,59591,0
19890923,59591,59591,59591,59591,0
19890922,59591,59591,59591,59591,0
19890921,59591,59591,59591,59591,0
19890920,59777,59777,59777,59777,10
19890919,59870,59870,59870,59870,40000
19890918,60056,60056,60056,60056,10
19890916,61453,61453,61453,61453,0
19890912,61453,61453,61453,61453,0
19890911,61453,61453,61453,61453,150
19890909,62384,62384,62384,62384,0
19890908,62384,62384,62384,62384,210
19890907,63315,63315,63315,63315,550
19890906,62384,62850,62384,62850,60
19890905,63315,63315,61453,62384,140
19890904,62384,62384,61453,62384,90
19890902,62384,62384,62384,62384,300
19890901,62384,62384,62384,62384,10
19890831,63315,63315,63315,63315,0
19890830,63688,63688,63595,63595,150
19890829,65084,65084,65084,65084,10
19890828,65178,65178,65178,65178,30
19890826,65178,65271,65178,65271,180
19890825,63781,63781,63781,63781,100
19890824,61081,62850,61081,62850,320
19890823,61267,61267,61081,61081,90
19890822,61081,61081,61081,61081,590
19890821,60988,61081,60243,61081,90
19890819,59591,60056,59591,59963,130
19890818,58194,59405,58194,59405,70
19890817,57729,57729,57729,57729,10
19890816,58380,58380,58380,58380,10
19890814,58287,58753,58287,58474,160
19890812,58287,58287,58287,58287,30
19890811,55122,56518,55122,56518,90
19890810,54656,54656,54656,54656,350
19890809,52980,54470,52980,54470,5790
19890808,54004,54004,54004,54004,20
19890807,54284,54284,54284,54284,100
19890805,54377,54377,54004,54004,40
19890804,54470,54470,54470,54470,80
19890803,54097,54470,54097,54470,480
19890802,53539,53539,53539,53539,100
19890801,51956,53073,51956,53073,1430
19890731,53539,53539,53539,53539,300
19890729,53446,53446,53446,53446,0
19890728,53446,53446,53446,53446,0
19890727,53632,53632,53632,53632,130
19890726,53632,53632,53632,53632,170
19890725,53539,53539,53446,53539,5230
19890724,53539,53539,53539,53539,0
19890722,53818,53818,53818,53818,10
19890721,53818,53818,53818,53818,5830
19890720,53911,53911,53911,53911,0
19890719,53911,53911,53911,53911,0
19890718,53911,53911,53911,53911,1100
19890715,53911,53911,53911,53911,0
19890714,53911,53911,53911,53911,0
19890713,53911,53911,53911,53911,0
19890712,53911,53911,53911,53911,50
19890711,54004,54004,54004,54004,120
19890710,54004,54004,54004,54004,0
19890708,54004,54004,54004,54004,30
19890707,54004,54004,54004,54004,10
19890706,54004,54004,54004,54004,0
19890705,54004,54004,54004,54004,90
19890704,54004,54004,54004,54004,0
19890703,54004,54004,54004,54004,0
19890701,54004,54004,54004,54004,0
19890630,54004,54004,54004,54004,0
19890629,54004,54004,54004,54004,0
19890628,54004,54004,54004,54004,1200
19890627,54004,54004,54004,54004,0
19890626,54004,54004,54004,54004,0
19890624,54004,54004,54004,54004,0
19890623,54004,54004,54004,54004,70
19890622,55028,55028,55028,55028,1500
19890621,54935,54935,54935,54935,0
19890620,54935,54935,54935,54935,20
19890619,54004,54004,54004,54004,0
19890617,54004,54004,54004,54004,5670
19890616,54004,54004,54004,54004,0
19890615,54004,54004,54004,54004,0
19890614,54004,54004,54004,54004,0
19890613,54004,54004,54004,54004,0
19890612,54004,54004,54004,54004,0
19890610,53166,53166,53166,53166,0
19890609,53166,53166,53166,53166,20
19890608,52421,53073,52421,53073,1180
19890607,52235,52235,52235,52235,0
19890605,52235,52235,52235,52235,10
19890603,52142,52142,52142,52142,0
19890602,52142,52142,52142,52142,10
19890601,52142,52142,52142,52142,10
19890531,52421,52421,52421,52421,1000
19890530,52701,52701,52701,52701,0
19890529,52701,52701,52701,52701,0
19890527,54563,54563,54563,54563,0
19890526,54563,54563,54563,54563,510
19890525,54470,54470,54470,54470,0
19890524,54470,54470,54470,54470,20
19890523,54004,54190,54004,54190,1250
19890522,55401,55401,53539,53539,60
19890520,53539,53539,53539,53539,0
19890519,53539,53539,53539,53539,10
19890518,52142,52142,52142,52142,0
19890517,51118,51118,51118,51118,500
19890516,50932,50932,50932,50932,0
19890515,50745,50745,50745,50745,20
19890513,50745,50745,50745,50745,0
19890511,50745,50745,50745,50745,10
19890510,50745,50745,50745,50745,0
19890509,50745,50745,50745,50745,10
19890508,50838,50838,50838,50838,220
19890506,50280,50280,50280,50280,150
19890504,50280,50280,50280,50280,80
19890503,51211,51211,51211,51211,20
19890502,52142,52142,52142,52142,70
19890501,52608,52608,52608,52608,0
19890429,52608,52608,52608,52608,0
19890428,52608,52608,52608,52608,400
19890427,53259,53259,53259,53259,0
19890426,53259,53259,53259,53259,0
19890425,53073,53073,53073,53073,0
19890424,53073,53073,53073,53073,0
19890422,52980,52980,52980,52980,0
19890421,52980,52980,52980,52980,0
19890420,52980,52980,52980,52980,0
19890419,52980,52980,52980,52980,50
19890418,52980,52980,52980,52980,0
19890417,52980,52980,52980,52980,0
19890415,52980,52980,52980,52980,0
19890414,53073,53073,53073,53073,0
19890413,53259,53259,53259,53259,10
19890412,53166,53166,53073,53073,130
19890411,53073,53073,53073,53073,0
19890410,52887,52887,52887,52887,20
19890408,52328,52328,52328,52328,50
19890407,54004,54004,54004,54004,20
19890406,54470,54470,54470,54470,20
19890404,54935,54935,54935,54935,10
19890403,55401,55401,55401,55401,0
19890401,55866,55866,55866,55866,100
19890331,55866,55866,55866,55866,120
19890330,55866,55866,55866,55866,0
19890329,55866,55866,55866,55866,0
19890328,55401,55401,55401,55401,10
19890327,55866,55866,54935,54935,130
19890325,55866,55866,55866,55866,0
19890324,55866,55866,55866,55866,0
19890323,55866,55866,55866,55866,0
19890322,56332,56332,56332,56332,0
19890321,56332,56332,56332,56332,0
19890320,56332,56332,56332,56332,0
19890318,56332,56332,56332,56332,0
19890317,56332,56332,56332,56332,0
19890316,55401,55401,54935,55401,260
19890315,55028,55028,54935,54935,60
19890314,54470,54470,54470,54470,450
19890313,54470,54470,54470,54470,520
19890311,54470,54470,54470,54470,50
19890309,54284,54284,54284,54284,120
19890308,54190,54190,54190,54190,0
19890307,54004,54004,54004,54004,50
19890306,54004,54004,54004,54004,0
19890304,54004,54004,54004,54004,80
19890303,54004,54004,54004,54004,50
19890302,54470,54470,54470,54470,10
19890228,54470,54470,54470,54470,0
19890227,54470,54470,54470,54470,0
19890225,54470,54470,54470,54470,40
19890224,54470,54470,54470,54470,30
19890223,54935,54935,54935,54935,50
19890222,54470,54470,54470,54470,0
19890221,54935,54935,54935,54935,0
19890220,54935,54935,54935,54935,0
19890218,55401,55401,55401,55401,0
19890217,55401,55401,55401,55401,320
19890216,55401,55401,55401,55401,140
19890215,55401,55401,55401,55401,10
19890214,55401,55401,55401,55401,0
19890213,55401,55401,55401,55401,80
19890211,56332,56332,56332,56332,0
19890210,56332,56332,56332,56332,0
19890209,56332,56332,56332,56332,0
19890208,56332,56332,56332,56332,0
19890204,56332,56332,56332,56332,0
19890203,56332,56332,56332,56332,0
19890202,56332,56332,56332,56332,0
19890201,56332,56332,56332,56332,0
19890131,56332,56332,56332,56332,0
19890130,56332,56332,56332,56332,0
19890128,56332,56332,56332,56332,0
19890127,56332,56332,56332,56332,0
19890126,56332,56332,56332,56332,0
19890125,56332,56332,56332,56332,0
19890124,56332,56332,56332,56332,0
19890123,56332,56332,56332,56332,0
19890121,56332,56332,56332,56332,0
19890120,56332,56332,56332,56332,0
19890119,56332,56332,56332,56332,0
19890118,56332,56332,56332,56332,0
19890117,56332,56332,56332,56332,0
19890116,56332,56332,56332,56332,0
19890114,56332,56332,56332,56332,0
19890113,56425,56425,56332,56332,40
19890112,56332,56332,56332,56332,0
19890111,56332,56332,56332,56332,0
19890110,56332,56332,56332,56332,50
19890109,55401,55401,55401,55401,50
19890107,54470,54470,54470,54470,0
19890106,54470,54470,54470,54470,0
19890105,54470,54470,54470,54470,0
19890104,56332,56332,56332,56332,0
19881226,58194,58194,58194,58194,0
19881224,58194,58194,58194,58194,0
19881223,58194,58194,58194,58194,0
19881222,58567,58567,58567,58567,0
19881221,58660,58660,58660,58660,20
19881220,58660,58660,58660,58660,50
19881219,58194,58194,58194,58194,80
19881217,58194,58194,58194,58194,0
19881216,58753,58753,57822,58194,280
19881215,58753,58753,58753,58753,70
19881214,58753,58753,58753,58753,0
19881213,58753,58753,58753,58753,30
19881212,57822,57822,57822,57822,20
19881210,55960,55960,55960,55960,0
19881209,55028,55960,55028,55960,80
19881208,54004,54097,54004,54097,20
19881207,53073,53073,53073,53073,40
19881206,52142,53073,52142,53073,200
19881205,52142,52142,52142,52142,60
19881203,54004,54004,54004,54004,0
19881202,55866,55866,55866,55866,0
19881201,57729,57729,57729,57729,0
19881130,59591,59591,59591,59591,50
19881129,58194,58194,58194,58194,60
19881128,56332,56332,56332,56332,100
19881126,54470,54470,54470,54470,0
19881125,52608,52608,52608,52608,20
19881124,50745,50745,50745,50745,0
19881123,49349,49349,49349,49349,70
19881122,48511,48511,48511,48511,50
19881121,48231,48231,48231,48231,0
19881119,48417,48417,48417,48417,0
19881118,47833,47833,47833,47833,20
19881117,48293,48293,48293,48293,0
19881116,48293,48293,48293,48293,0
19881115,48293,48293,48293,48293,0
19881114,48293,48293,48293,48293,0
19881112,48293,48293,48293,48293,0
19881111,48293,48293,48293,48293,0
19881110,48293,48293,48293,48293,0
19881109,48293,48293,48293,48293,0
19881108,48293,48293,48293,48293,0
19881107,48293,48293,48293,48293,0
19881105,47833,47833,47833,47833,50
19881104,45993,46913,45993,46913,40
19881103,45993,45993,45993,45993,10
19881102,45993,45993,45993,45993,170
19881101,45993,45993,45993,45993,0
19881031,46913,46913,46913,46913,0
19881029,47833,47833,47833,47833,0
19881028,47833,47833,47833,47833,0
19881027,48752,48752,48752,48752,0
19881026,48752,48752,48752,48752,0
19881025,48752,48752,48752,48752,50
19881024,48752,48752,48752,48752,0
19881022,48752,48752,48752,48752,0
19881021,46913,46913,46913,46913,0
19881020,45993,45993,45993,45993,0
19881019,45165,45165,45165,45165,0
19881018,45165,45165,45165,45165,0
19881017,45165,45165,45165,45165,0
19881015,45073,45073,45073,45073,0
19881014,44245,44245,44245,44245,0
19881013,44153,44153,44153,44153,50
19881012,44153,44153,44153,44153,0
19881011,44153,44153,44153,44153,0
19881010,44153,44153,44153,44153,0
19881008,44153,44153,44153,44153,0
19881007,44153,44153,44153,44153,40
19881006,44153,44153,44153,44153,0
19881005,44153,44153,44153,44153,0
19881004,44153,44153,44153,44153,10
19880930,44153,44153,44153,44153,60
19880929,45993,45993,45993,45993,0
19880928,45993,45993,45993,45993,0
19880927,45993,45993,45993,45993,0
19880924,45993,45993,45993,45993,0
19880923,45993,45993,45993,45993,0
19880922,45993,45993,45993,45993,0
19880921,45993,45993,45993,45993,0
19880920,45993,45993,45993,45993,0
19880919,45993,45993,45993,45993,0
19880916,45993,45993,45993,45993,40
19880915,46913,46913,46913,46913,70
19880914,47833,47833,47833,47833,0
19880913,48752,48752,48752,48752,0
19880912,49672,49672,49672,49672,0
19880910,49672,49672,49672,49672,0
19880909,49672,49672,49672,49672,0
19880908,49672,49672,49672,49672,0
19880907,49672,49672,49672,49672,0
19880906,49672,49672,49672,49672,0
19880905,49672,49672,49672,49672,0
19880903,50592,50592,50592,50592,0
19880902,50592,50592,50592,50592,0
19880901,51512,51512,51512,51512,0
19880831,52340,52340,52340,52340,0
19880830,52340,52340,52340,52340,0
19880829,54272,54272,54272,54272,0
19880827,54272,54272,54272,54272,0
19880826,54272,54272,54272,54272,0
19880825,54272,54272,54272,54272,0
19880824,54272,54272,54272,54272,0
19880823,54272,54272,54272,54272,0
19880822,55008,55008,55008,55008,0
19880820,55008,55008,55008,55008,0
19880819,55008,55008,55008,55008,0
19880818,55192,55192,55192,55192,0
19880817,55192,55192,55192,55192,0
19880816,55192,55192,55192,55192,0
19880813,55192,55192,55192,55192,0
19880812,55192,55192,55192,55192,0
19880811,55192,55192,55192,55192,0
19880810,55192,55192,55192,55192,0
19880809,55192,55192,55192,55192,0
19880808,56111,56111,56111,56111,0
19880806,57031,57031,57031,57031,0
19880805,57951,57951,57951,57951,0
19880804,57951,57951,57951,57951,0
19880803,58411,58411,58411,58411,0
19880802,58687,58687,58687,58687,0
19880801,59331,59331,59331,59331,0
19880730,59331,59331,59331,59331,0
19880729,59331,59331,59331,59331,0
19880728,59331,59331,59331,59331,0
19880727,59331,59331,59331,59331,0
19880726,59331,59331,59331,59331,0
19880725,59331,59331,59331,59331,0
19880723,59331,59331,59331,59331,0
19880722,59331,59331,59331,59331,0
19880721,59331,59331,59331,59331,0
19880720,59423,59423,59423,59423,13200
19880719,59423,59423,59423,59423,0
19880718,59423,59423,59423,59423,0
19880716,59515,59515,59515,59515,0
19880715,59607,59607,59607,59607,60
19880714,59791,59791,59791,59791,0
19880713,59791,59791,59791,59791,20
19880712,59791,59791,59791,59791,80
19880711,58411,58411,58411,58411,20
19880709,57491,57491,57491,57491,0
19880708,57491,57491,57491,57491,0
19880707,57491,57491,57491,57491,50
19880706,57491,57491,57491,57491,0
19880705,57491,57491,57491,57491,0
19880704,57491,57491,57491,57491,10
19880702,57491,57491,57491,57491,190
19880701,57491,57491,57491,57491,190
19880630,56111,56111,56111,56111,0
19880629,56111,56111,56111,56111,0
19880628,56111,56111,56111,56111,0
19880627,56111,56111,56111,56111,0
19880625,56111,56111,56111,56111,0
19880624,56111,56111,56111,56111,0
19880623,56111,56111,56111,56111,0
19880622,56111,56111,56111,56111,0
19880621,56111,56111,56111,56111,0
19880620,56111,56111,56111,56111,0
19880618,56111,56111,56111,56111,0
19880617,56111,56111,56111,56111,0
19880616,56111,56111,56111,56111,0
19880615,56111,56111,56111,56111,0
19880614,56111,56111,56111,56111,0
19880613,56111,56111,56111,56111,0
19880611,56111,56111,56111,56111,0
19880610,56111,56111,56111,56111,0
19880609,56111,56111,56111,56111,0
19880608,56111,56111,56111,56111,0
19880607,56111,56111,56111,56111,0
19880604,56111,56111,56111,56111,0
19880603,56111,56111,56111,56111,0
19880602,56111,56111,56111,56111,0
19880601,56111,56111,56111,56111,0
19880531,56111,56111,56111,56111,0
19880530,56111,56111,56111,56111,0
19880528,56111,56111,56111,56111,0
19880527,56111,56111,56111,56111,0
19880526,56111,56111,56111,56111,0
19880525,56111,56111,56111,56111,0
19880524,56111,56111,56111,56111,0
19880521,56111,56111,56111,56111,0
19880520,56111,56111,56111,56111,0
19880519,56111,56111,56111,56111,0
19880518,56111,56111,56111,56111,0
19880517,56111,56111,56111,56111,0
19880516,56111,56111,56111,56111,0
19880514,56111,56111,56111,56111,0
19880513,57031,57031,57031,57031,50
19880512,57031,57031,57031,57031,0
19880511,57031,57031,57031,57031,0
19880510,57031,57031,57031,57031,0
19880509,57031,57031,57031,57031,0
19880507,57031,57031,57031,57031,0
19880506,57031,57031,57031,57031,100
19880504,57951,57951,57951,57951,0
19880503,57951,57951,57951,57951,0
19880502,58963,58963,58963,58963,0
19880430,58963,58963,58963,58963,10
19880429,58963,58963,58963,58963,0
19880428,58963,58963,58963,58963,0
19880427,58963,58963,58963,58963,0
19880425,58963,58963,58963,58963,0
19880423,58963,58963,58963,58963,0
19880422,58779,58779,58779,58779,0
19880421,58779,58779,58779,58779,0
19880420,58779,58779,58779,58779,10
19880419,58871,58871,58871,58871,0
19880418,58871,58871,58871,58871,0
19880416,58871,58871,58871,58871,0
19880415,58871,58871,58871,58871,0
19880414,58871,58871,58871,58871,0
19880413,58871,58871,58871,58871,0
19880412,58871,58871,58871,58871,0
19880411,58871,58871,58871,58871,0
19880409,58871,58871,58871,58871,0
19880408,58871,58871,58871,58871,0
19880407,59791,59791,59791,59791,0
19880406,59791,59791,59791,59791,0
19880404,59791,59791,59791,59791,0
19880402,59791,59791,59791,59791,0
19880401,59791,59791,59791,59791,0
19880331,59791,59791,59791,59791,0
19880330,59791,59791,59791,59791,0
19880329,59791,59791,59791,59791,0
19880328,59791,59791,59791,59791,0
19880326,59791,59791,59791,59791,0
19880325,59791,59791,59791,59791,0
19880324,59791,59791,59791,59791,0
19880323,59791,59791,59791,59791,0
19880322,59791,59791,59791,59791,190
19880321,59791,59791,59791,59791,200
19880319,59791,59791,59791,59791,0
19880318,59791,59791,59791,59791,90
19880317,58871,58871,58871,58871,50
19880316,58871,58871,58871,58871,0
19880315,58871,58871,58871,58871,0
19880314,58871,58871,58871,58871,0
19880312,59791,59791,59791,59791,100
19880311,58871,58871,58871,58871,0
19880309,58871,58871,58871,58871,0
19880308,58871,58871,58871,58871,0
19880307,58871,58871,58871,58871,0
19880305,58871,58871,58871,58871,0
19880304,58871,58871,58871,58871,0
19880303,58871,58871,58871,58871,0
19880302,59791,59791,59791,59791,0
19880229,59791,59791,59791,59791,0
19880227,59791,59791,59791,59791,0
19880226,60251,60251,60251,60251,0
19880224,60251,60251,60251,60251,0
19880223,60527,60527,60527,60527,0
19880222,60527,60527,60527,60527,0
19880220,60527,60527,60527,60527,0
19880219,60711,60711,60711,60711,0
19880217,60711,60711,60711,60711,10
19880216,58871,58871,58871,58871,0
19880215,58871,58871,58871,58871,0
19880213,58871,58871,58871,58871,0
19880212,58871,58871,58871,58871,0
19880211,59331,59331,59331,59331,0
19880210,59331,59331,59331,59331,10
19880209,59331,59331,59331,59331,0
19880208,59331,59331,59331,59331,50
19880206,59791,59791,59791,59791,0
19880205,59791,59791,59791,59791,0
19880204,60527,60527,60527,60527,0
19880203,59607,59607,59607,59607,0
19880202,59607,59607,59607,59607,0
19880201,59791,59791,59791,59791,40
19880130,57951,57951,57951,57951,0
19880129,58687,58687,58687,58687,1490
19880128,58687,58687,58687,58687,30
19880127,58604,58604,58604,58604,70
19880126,58595,58595,58595,58595,80
19880125,58595,58595,58595,58595,0
19880123,58595,58595,58595,58595,0
19880122,60067,60435,60067,60435,500
19880121,59423,60895,59423,59791,360
19880120,57767,59423,57767,59423,190
19880119,57767,57767,57767,57767,10
19880118,57583,57583,57583,57583,100
19880116,56847,57031,56847,57031,120
19880115,56387,56387,56019,56387,280
19880114,56111,56111,56111,56111,110
19880113,56019,56111,56019,56111,200
19880112,56111,56111,56111,56111,100
19880111,55651,55651,55651,55651,0
19880109,56111,56111,56111,56111,50
19880108,55743,55743,55743,55743,0
19880107,55743,55743,55743,55743,40
19880106,53996,53996,53996,53996,0
19880105,54262,54262,53996,53996,250
19880104,53352,53352,53352,53352,40
19871226,52340,52340,52340,52340,20
19871224,50776,51328,50776,51328,450
19871223,50592,50592,50592,50592,50
19871222,50592,50592,50592,50592,20
19871221,50592,50592,50592,50592,0
19871219,51144,51144,51144,51144,0
19871218,51144,51144,51144,51144,20
19871217,51052,51052,51052,51052,30
19871215,50960,50960,50960,50960,0
19871214,51052,51052,51052,51052,520
19871212,50960,50960,50960,50960,140
19871211,50960,50960,50960,50960,180
19871210,50776,50776,50776,50776,940
19871209,50592,50592,50592,50592,580
19871208,50592,50592,50592,50592,0
19871207,50776,50776,50776,50776,110
19871205,50776,50776,50776,50776,170
19871204,50684,50684,50684,50684,230
19871203,50592,50592,50592,50592,0
19871202,51512,51512,51052,51052,50
19871201,50749,50749,50749,50749,10
19871130,49001,49001,49001,49001,0
19871128,49001,49001,49001,49001,80
19871127,48909,48909,48909,48909,370
19871126,48817,48817,48817,48817,630
19871125,48725,48725,48725,48725,100
19871124,48633,48633,48633,48633,1290
19871123,49672,49672,48541,48541,140
19871121,48449,48449,48449,48449,0
19871120,48357,48357,48357,48357,0
19871119,49185,49185,48352,48352,1700
19871118,46684,47518,46684,47518,40
19871117,45851,45851,45851,45851,0
19871116,44934,44934,44934,44934,0
19871114,44934,44934,44934,44934,0
19871113,46684,46684,44934,44934,1080
19871112,46601,46601,46601,46601,60
19871111,48268,48268,48268,48268,90
19871110,49936,49936,49936,49936,40
19871109,48352,48352,48352,48352,0
19871107,47518,47518,46684,46684,70
19871106,48185,48185,48185,48185,80
19871105,49185,49185,49185,49185,40
19871104,50769,50769,50769,50769,0
19871103,50853,50853,50853,50853,260
19871102,50853,50853,50853,50853,90
19871031,51686,51686,51686,51686,100
19871030,51686,51686,51686,51686,40
19871029,51770,51770,51770,51770,20
19871028,54187,54187,52687,53354,50
19871026,55021,55021,53270,54187,500
19871024,53354,53354,53354,53354,500
19871023,51686,51686,51686,51686,310
19871022,48935,50019,48935,50019,620
19871021,48935,48935,48935,48935,600
19871020,48935,48935,48352,48352,260
19871019,48935,48935,48935,48935,150
19871017,48935,48935,48935,48935,100
19871016,48935,48935,48935,48935,40
19871015,48768,48935,48768,48852,690
19871014,48768,48768,48768,48768,80
19871013,48935,48935,48352,48352,210
19871012,48935,48935,48935,48935,100
19871010,48935,48935,48935,48935,0
19871006,48935,48935,48935,48935,200
19871005,48935,48935,48935,48935,0
19871002,48935,48935,48935,48935,0
19870930,48935,48935,48935,48935,0
19870929,48935,48935,48935,48935,10
19870928,50019,50019,48935,48935,80
19870926,48852,49185,48852,48852,110
19870925,48618,48852,48618,48852,20
19870924,48852,48852,48852,48852,10
19870923,49010,49010,49010,49010,0
19870922,49102,49102,49102,49102,20
19870921,49185,49185,49185,49185,100
19870919,49185,49185,49185,49185,100
19870918,49185,49185,49185,49185,10
19870917,48352,48352,48352,48352,0
19870916,48352,48352,48352,48352,0
19870915,48352,48352,48352,48352,0
19870914,48352,48352,48352,48352,0
19870912,48352,48352,48352,48352,0
19870911,49177,49177,49177,49177,0
19870910,49185,49185,49185,49185,0
19870909,49185,49185,49185,49185,90
19870908,49102,49102,49102,49102,10
19870907,49185,49185,49185,49185,0
19870905,49185,49185,49185,49185,0
19870904,49185,49185,49185,49185,0
19870903,49185,49185,49185,49185,0
19870902,49185,49185,49185,49185,10
19870901,49185,49185,49185,49185,100
19870831,49185,49185,49185,49185,20
19870829,50853,50853,50853,50853,100
19870828,49602,49602,49602,49602,10
19870827,46267,47935,46267,47935,490
19870826,45434,46267,45434,46267,130
19870825,44600,44600,44600,44600,230
19870824,44600,44600,44600,44600,20
19870822,44600,44600,44600,44600,0
19870821,44600,44600,44600,44600,0
19870820,45017,45017,45017,45017,0
19870819,45017,45017,45017,45017,30
19870818,45017,45017,45017,45017,0
19870817,45017,45017,45017,45017,0
19870814,45100,45100,45100,45100,50
19870813,45017,45100,45017,45100,130
19870812,45017,45017,45017,45017,80
19870811,46601,46601,46601,46601,0
19870810,46601,46601,46601,46601,0
19870808,46684,46684,46684,46684,20
19870807,48352,48352,48352,48352,0
19870806,48352,48352,48352,48352,0
19870805,48352,48352,48352,48352,0
19870804,48352,48352,48352,48352,30
19870803,48352,48352,48352,48352,100
19870801,48352,48352,48352,48352,0
19870731,48352,48352,48352,48352,10
19870730,49602,49602,49602,49602,60
19870729,49594,49594,49594,49594,20
19870728,49602,49602,49602,49602,80
19870727,49602,49602,49602,49602,0
19870725,49602,49602,49602,49602,0
19870724,49602,49602,49602,49602,0
19870723,49602,49602,49602,49602,40
19870722,49602,49602,49602,49602,20
19870721,47935,47935,47935,47935,0
19870720,47518,47518,47518,47518,0
19870718,47518,47518,47518,47518,0
19870716,47518,47518,47518,47518,0
19870715,47518,47518,47518,47518,0
19870714,47518,47518,47518,47518,0
19870713,47518,47518,47518,47518,20
19870711,48435,48435,48435,48435,0
19870710,48435,48435,48435,48435,40
19870709,50019,50019,50019,50019,40
19870708,51678,51678,50853,50853,290
19870707,52103,52103,51678,51678,60
19870706,52295,52295,52295,52295,50
19870704,52312,52312,52312,52312,0
19870703,52353,52353,52353,52353,20
19870702,53312,53312,52937,52937,40
19870701,53354,53354,53354,53354,80
19870630,53354,53354,53354,53354,0
19870629,52478,54562,52478,54562,160
19870627,52312,52312,52312,52312,0
19870626,49894,49894,49894,49894,20
19870625,49894,49894,49894,49894,0
19870624,49936,49936,49936,49936,0
19870623,50019,50019,50019,50019,40
19870622,52103,52103,52103,52103,0
19870620,52437,52437,52437,52437,0
19870619,52478,52478,52478,52478,20
19870618,52478,52478,52478,52478,20
19870617,52478,52478,52478,52478,0
19870616,52520,52520,52520,52520,20
19870615,52520,52520,52520,52520,0
19870613,52520,52520,52520,52520,0
19870612,52520,52520,52520,52520,0
19870611,52520,52520,52520,52520,0
19870610,50436,50436,50436,50436,3200
19870609,50436,50436,50436,50436,20
19870608,50769,50769,50644,50644,4200
19870605,50853,50853,50853,50853,40
19870604,50853,50853,50853,50853,40
19870603,50853,50853,50853,50853,0
19870602,50853,50853,50853,50853,0
19870601,53354,53354,53354,53354,0
19870530,53354,53354,53354,53354,0
19870529,53354,53354,53354,53354,20
19870528,54187,54187,54187,54187,0
19870527,55438,55438,55438,55438,0
19870526,55855,55855,55855,55855,0
19870525,55855,55855,55855,55855,0
19870523,56271,56271,56271,56271,0
19870522,56271,56271,56271,56271,100
19870521,56230,56230,56230,56230,0
19870520,57939,57939,56230,56230,40
19870519,56271,56271,56271,56271,140
19870518,55855,55855,55855,55855,20
19870516,55855,55855,55855,55855,0
19870515,55855,55855,55855,55855,0
19870514,55855,55855,55855,55855,0
19870513,55855,55855,55855,55855,0
19870512,55855,55855,55855,55855,0
19870511,55855,55855,55855,55855,0
19870509,55855,55855,55855,55855,60
19870508,53354,53770,53354,53354,340
19870507,51269,51269,51269,51269,300
19870506,50019,50019,50019,50019,360
19870504,50019,50019,50019,50019,0
19870502,50019,50019,50019,50019,0
19870501,50019,50019,50019,50019,0
19870430,50019,50019,50019,50019,0
19870429,50019,50019,50019,50019,0
19870428,50019,50019,50019,50019,0
19870427,50019,50019,50019,50019,100
19870425,50019,50019,50019,50019,80
19870424,50019,50019,50019,50019,100
19870423,50019,50019,50019,50019,200
19870422,50019,50019,50019,50019,200
19870421,50019,50019,50019,50019,0
19870420,50019,50019,50019,50019,0
19870418,50019,50019,50019,50019,0
19870417,50853,50853,50019,50019,240
19870416,52520,52520,52520,52520,60
19870415,50019,50019,50019,50019,360
19870414,50019,50019,50019,50019,0
19870413,50019,50019,50019,50019,20
19870411,50019,50019,49602,49602,140
19870410,48768,48768,48768,48768,0
19870409,45851,46267,43767,46267,1120
19870408,48352,48352,46267,46267,720
19870407,48352,48352,48352,48352,100
19870406,50019,50019,50019,50019,240
19870404,50019,50019,50019,50019,200
19870403,54187,54187,51686,51686,260
19870402,54187,54187,54187,54187,0
19870401,56688,56688,56688,56688,4000
19870331,59189,59189,59189,59189,0
19870330,60023,60023,60023,60023,0
19870328,61232,61232,61232,61232,20
19870327,61690,61690,61690,61690,0
19870326,61690,61690,61690,61690,40
19870325,59189,59189,59189,59189,0
19870324,59189,59189,59189,59189,0
19870323,59189,59189,59189,59189,0
19870321,59481,59481,59481,59481,0
19870320,59523,59523,59523,59523,60
19870319,57522,57522,57522,57522,120
19870318,55021,55021,55021,55021,220
19870317,52520,52520,52520,52520,200
19870316,50019,50019,50019,50019,200
19870314,47518,47518,47518,47518,280
19870313,45017,45017,45017,45017,200
19870312,42516,42516,42516,42516,200
19870311,40432,40849,40432,40849,260
19870309,39181,39181,39181,39181,300
19870307,40849,40849,40849,40849,0
19870306,40849,40849,39306,40849,740
19870305,39223,39223,39223,39223,260
19870304,40682,40682,37514,37556,2240
19870303,38765,39015,38765,39015,140
19870302,37431,37431,37347,37347,2140
19870228,37514,37514,37514,37514,0
19870227,37514,37514,37514,37514,0
19870226,37514,37514,37514,37514,0
19870225,37514,37514,37514,37514,140
19870224,37514,37514,37514,37514,0
19870223,37514,37514,37514,37514,0
19870221,37514,37514,37514,37514,0
19870220,37514,37514,37514,37514,60
19870219,37889,37889,37889,37889,0
19870218,37889,37889,37889,37889,0
19870217,37889,37889,37889,37889,20
19870216,37931,37931,37931,37931,0
19870214,38348,38348,38348,38348,0
19870213,38348,38348,38348,38348,140
19870212,37931,37931,37931,37931,200
19870211,37097,37097,37097,37097,0
19870210,37097,37097,37097,37097,100
19870209,35430,35430,35430,35430,100
19870207,32512,33763,32512,33763,300
19870206,32095,32095,32095,32095,320
19870205,31720,31720,31720,31720,160
19870204,31678,31678,31678,31678,0
19870203,31678,31678,31678,31678,80
19870202,30428,30428,30428,30428,0
19870131,30428,30428,30428,30428,40
19870130,30428,30428,30428,30428,500
19870128,29594,29594,29594,29594,260
19870127,29594,29594,29594,29594,20
19870126,29636,29636,29594,29594,380
19870124,29136,29219,29094,29219,200
19870123,29803,29803,29803,29803,240
19870122,28552,28552,28552,28552,20
19870121,27302,27302,27302,27302,360
19870120,26051,26051,26051,26051,60
19870119,24801,24801,24801,24801,20
19870117,23550,23550,23550,23550,120
19870116,20841,22300,20841,22300,40
19870115,21049,21049,21049,21049,0
19870114,20216,20216,20216,20216,0
19870113,19382,19382,19382,19382,240
19870112,18548,18548,18548,18548,0
19870110,17719,17719,17719,17719,180
19870109,16994,16994,16994,16994,0
19870108,16677,16677,16677,16677,0
19870107,17802,17802,16264,16264,420
19870106,16994,16994,16994,16994,40
19870105,16202,16202,16202,16202,0
19861226,16202,16202,16202,16202,0
19861224,16131,16131,16131,16131,20
19861223,16131,16902,16131,16902,80
19861222,16131,16131,16131,16131,420
19861220,16131,16131,16131,16131,720
19861219,16089,16089,16089,16089,160
19861218,16089,16089,16089,16089,0
19861217,16047,16047,16047,16047,0
19861216,15839,15839,15839,15839,0
19861215,15631,15631,15631,15631,0
19861213,15572,15572,15572,15572,0
19861212,15572,15572,15572,15572,0
19861211,15568,15568,15568,15568,0
19861210,15568,15568,15568,15568,0
19861209,15568,15568,15568,15568,0
19861208,15568,15568,15568,15568,0
19861206,15568,15568,15568,15568,0
19861205,15568,15568,15568,15568,0
19861204,15568,15568,15568,15568,0
19861203,15547,15547,15547,15547,0
19861202,15506,15506,15506,15506,0
19861201,15506,15506,15506,15506,0
19861129,15464,15464,15464,15464,0
19861128,15464,15464,15464,15464,0
19861127,15464,15464,15464,15464,20
19861126,15464,15464,15464,15464,100
19861125,15464,15464,15464,15464,0
19861124,15464,15464,15464,15464,0
19861122,15464,15464,15464,15464,0
19861121,15464,15464,15464,15464,0
19861120,15464,15464,15464,15464,0
19861119,15422,15422,15422,15422,0
19861118,15422,15422,15422,15422,0
19861117,15422,15422,15422,15422,0
19861115,15255,15255,15255,15255,0
19861114,15214,15214,15214,15214,0
19861113,15214,15214,15214,15214,80
19861112,14589,14589,14589,14589,0
19861111,14589,14589,14589,14589,0
19861110,14589,14589,14589,14589,60
19861108,14589,14589,14589,14589,0
19861107,14589,14589,14589,14589,0
19861106,14589,14589,14589,14589,0
19861105,14589,14589,14589,14589,0
19861104,14589,14589,14589,14589,0
19861103,14589,14589,14589,14589,0
19861101,14589,14589,14589,14589,0
19861031,14589,14589,14589,14589,0
19861030,14589,14589,14589,14589,0
19861029,14589,14589,14589,14589,0
19861028,14589,14589,14589,14589,0
19861027,14589,14589,14589,14589,0
19861025,14589,14589,14589,14589,0
19861024,14589,14589,14589,14589,0
19861023,14589,14589,14589,14589,0
19861022,14589,14589,14589,14589,0
19861021,14589,14589,14589,14589,0
19861020,14589,14589,14589,14589,0
19861018,14589,14589,14589,14589,0
19861017,14589,14589,14589,14589,0
19861016,14589,14589,14589,14589,0
19861015,14589,14589,14589,14589,0
19861014,14589,14589,14589,14589,0
19861013,14589,14589,14589,14589,0
19861011,14589,14589,14589,14589,0
19861010,14589,14589,14589,14589,0
19861008,14589,14589,14589,14589,0
19861007,14589,14589,14589,14589,0
19861006,14589,14589,14589,14589,0
19861004,14589,14589,14589,14589,0
19861002,14589,14589,14589,14589,0
19860930,14589,14589,14589,14589,0
19860929,14589,14589,14589,14589,0
19860927,14589,14589,14589,14589,0
19860926,14589,14589,14589,14589,0
19860925,14589,14589,14589,14589,0
19860924,14589,14589,14589,14589,0
19860923,14589,14589,14589,14589,2400
19860922,14755,14755,14755,14755,0
19860920,14755,14755,14755,14755,0
19860917,14755,14755,14755,14755,0
19860916,14755,14755,14755,14755,0
19860915,14755,14755,14755,14755,0
19860913,14755,14755,14755,14755,0
19860912,14755,14755,14755,14755,0
19860911,14755,14755,14755,14755,0
19860910,14755,14755,14755,14755,0
19860909,14755,14755,14755,14755,0
19860908,14755,14755,14755,14755,0
19860906,14755,14755,14755,14755,0
19860905,14755,14755,14755,14755,0
19860904,14755,14755,14755,14755,0
19860903,14755,14755,14755,14755,100
19860902,14755,14755,14755,14755,0
19860901,14755,14755,14755,14755,0
19860830,14755,14755,14755,14755,0
19860829,14755,14755,14755,14755,0
19860828,14755,14755,14755,14755,0
19860827,14797,14797,14797,14797,0
19860826,14797,14797,14797,14797,3020
19860825,14797,14797,14797,14797,80
19860823,14601,14601,14601,14601,0
19860822,14601,14601,14601,14601,0
19860821,14505,14555,14505,14555,1660
19860820,14497,14497,14497,14497,0
19860819,14472,14472,14472,14472,3800
19860818,14472,14472,14472,14472,0
19860816,14472,14472,14472,14472,0
19860814,14472,14472,14472,14472,5000
19860813,14463,14463,14463,14463,0
19860812,14463,14463,14463,14463,0
19860811,14463,14463,14463,14463,0
19860809,14463,14463,14463,14463,0
19860808,14463,14463,14463,14463,0
19860807,14463,14463,14463,14463,0
19860806,14422,14422,14422,14422,0
19860805,14422,14422,14422,14422,5000
19860804,14422,14422,14422,14422,100
19860802,14359,14359,14359,14359,0
19860801,14359,14359,14359,14359,0
19860731,14347,14347,14347,14347,0
19860730,14347,14347,14347,14347,3020
19860729,14338,14338,14338,14338,2000
19860728,14338,14338,14338,14338,200
19860726,13713,13713,13713,13713,0
19860725,13713,13713,13713,13713,0
19860724,13713,13713,13713,13713,0
19860723,13588,13588,13588,13588,3040
19860722,13546,13546,13546,13546,0
19860721,13546,13546,13546,13546,0
19860719,13546,13546,13546,13546,0
19860718,13546,13546,13546,13546,0
19860716,13546,13546,13546,13546,0
19860715,13546,13546,13546,13546,0
19860714,13546,13546,13546,13546,0
19860712,13546,13546,13546,13546,0
19860711,13546,13546,13546,13546,0
19860710,13546,13546,13546,13546,0
19860709,13546,13546,13546,13546,0
19860708,12921,12921,12921,12921,0
19860707,12796,12796,12796,12796,0
19860705,12671,12671,12671,12671,0
19860704,12546,12546,12546,12546,0
19860703,12546,12546,12546,12546,3000
19860702,12525,12525,12525,12525,0
19860701,12525,12525,12525,12525,0
19860630,12525,12525,12525,12525,0
19860628,12525,12525,12525,12525,0
19860627,12525,12525,12525,12525,0
19860626,12525,12525,12525,12525,0
19860625,12525,12525,12525,12525,0
19860624,12525,12525,12525,12525,0
19860623,12525,12525,12525,12525,0
19860621,12525,12525,12525,12525,0
19860620,12525,12525,12525,12525,0
19860619,12525,12525,12525,12525,2000
19860618,12509,12509,12509,12509,0
19860617,12509,12509,12509,12509,0
19860616,12509,12509,12509,12509,0
19860614,12509,12509,12509,12509,0
19860613,12509,12509,12509,12509,0
19860612,12509,12509,12509,12509,0
19860611,12379,12379,12379,12379,5000
19860610,12300,12300,12300,12300,0
19860609,12300,12300,12300,12300,0
19860607,12300,12300,12300,12300,0
19860605,12300,12300,12300,12300,0
19860604,12300,12300,12300,12300,0
19860603,12300,12300,12300,12300,0
19860602,12300,12300,12300,12300,0
19860531,12296,12296,12296,12296,0
19860530,12108,12108,12108,12108,0
19860529,11692,11692,11692,11692,0
19860528,11692,11692,11692,11692,0
19860527,11675,11675,11675,11675,0
19860526,11633,11633,11633,11633,0
19860524,11633,11633,11633,11633,0
19860523,11608,11608,11608,11608,5200
19860522,11483,11483,11483,11483,0
19860521,11441,11441,11441,11441,0
19860520,11425,11425,11425,11425,0
19860519,11391,11391,11391,11391,0
19860517,11391,11391,11391,11391,0
19860515,11391,11391,11391,11391,0
19860514,11387,11387,11387,11387,0
19860513,11387,11387,11387,11387,0
19860512,11383,11383,11383,11383,0
19860510,11379,11379,11379,11379,6000
19860509,11254,11254,11254,11254,140
19860508,10962,10962,10962,10962,0
19860507,10925,10925,10925,10925,0
19860506,10879,10879,10879,10879,4100
19860503,10862,10862,10862,10862,0
19860502,10862,10862,10862,10862,0
19860501,10862,10862,10862,10862,0
19860430,10858,10858,10858,10858,0
19860429,10854,10854,10854,10854,0
19860428,10854,10854,10854,10854,0
19860426,10850,10850,10850,10850,0
19860425,10845,10845,10845,10845,0
19860424,10841,10841,10841,10841,0
19860423,10837,10837,10837,10837,0
19860422,10837,10837,10837,10837,0
19860421,10837,10837,10837,10837,0
19860419,10837,10837,10837,10837,0
19860418,10837,10837,10837,10837,0
19860417,10837,10837,10837,10837,0
19860416,10837,10837,10837,10837,0
19860415,10695,10695,10695,10695,20
19860414,10670,10670,10670,10670,0
19860412,10629,10629,10629,10629,0
19860411,10629,10629,10629,10629,0
19860410,10504,10504,10504,10504,0
19860409,10462,10462,10462,10462,0
19860408,10462,10462,10462,10462,0
19860407,10462,10462,10462,10462,0
19860404,10420,10420,10420,10420,0
19860403,10299,10299,10299,10299,0
19860402,10008,10008,10008,10008,0
19860401,9883,9883,9883,9883,0
19860331,9883,9883,9883,9883,0
19860329,9883,9883,9883,9883,0
19860328,9883,9883,9883,9883,0
19860327,9878,9878,9878,9878,0
19860326,9878,9878,9878,9878,100
19860325,9878,9878,9878,9878,100
19860324,9878,9878,9878,9878,0
19860322,9878,9878,9878,9878,0
19860321,9878,9878,9878,9878,0
19860320,9878,9878,9878,9878,0
19860319,9878,9878,9878,9878,0
19860318,9878,9878,9878,9878,0
19860317,9878,9878,9878,9878,0
19860315,9878,9878,9878,9878,0
19860314,9878,9878,9878,9878,0
19860313,9878,9878,9878,9878,0
19860312,9878,9878,9878,9878,0
19860311,9878,9878,9878,9878,20
19860308,9878,9878,9878,9878,0
19860307,9878,9878,9878,9878,0
19860306,9878,9878,9878,9878,0
19860305,9878,9878,9878,9878,0
19860304,9878,9878,9878,9878,0
19860303,9878,9878,9878,9878,0
19860228,9878,9878,9878,9878,0
19860227,9878,9878,9878,9878,0
19860226,9878,9878,9878,9878,0
19860225,9878,9878,9878,9878,0
19860224,9837,9837,9837,9837,0
19860222,9795,9795,9795,9795,0
19860221,9420,9420,9420,9420,0
19860220,9420,9420,9420,9420,0
19860219,9420,9420,9420,9420,0
19860218,9420,9420,9420,9420,0
19860217,9420,9420,9420,9420,0
19860215,9420,9420,9420,9420,0
19860214,9420,9420,9420,9420,0
19860213,9420,9420,9420,9420,0
19860212,9420,9420,9420,9420,0
19860211,9420,9420,9420,9420,0
19860210,9420,9420,9420,9420,0
19860208,9420,9420,9420,9420,0
19860207,9420,9420,9420,9420,0
19860206,9420,9420,9420,9420,0
19860205,9295,9295,9295,9295,0
19860204,9295,9295,9295,9295,100
19860203,9295,9295,9295,9295,0
19860201,9295,9295,9295,9295,0
19860131,9295,9295,9295,9295,0
19860130,9295,9295,9295,9295,0
19860129,9295,9295,9295,9295,0
19860128,9295,9295,9295,9295,0
19860127,9295,9295,9295,9295,0
19860125,9295,9295,9295,9295,0
19860124,9295,9295,9295,9295,0
19860123,9295,9295,9295,9295,0
19860122,9295,9295,9295,9295,0
19860121,9295,9295,9295,9295,0
19860120,9295,9295,9295,9295,0
19860118,9295,9295,9295,9295,0
19860117,9295,9295,9295,9295,0
19860116,9274,9274,9274,9274,0
19860115,9274,9274,9274,9274,0
19860114,9274,9274,9274,9274,0
19860113,9274,9274,9274,9274,0
19860111,9274,9274,9274,9274,0
19860110,9274,9274,9274,9274,0
19860109,9274,9274,9274,9274,0
19860108,9274,9274,9274,9274,0
19860107,9274,9274,9274,9274,400
19860106,9274,9274,9274,9274,0
19860104,9274,9274,9274,9274,0
19851226,9274,9274,9274,9274,0
19851224,9274,9274,9274,9274,0
19851223,9274,9274,9274,9274,2520
19851221,9274,9274,9274,9274,0
19851220,9274,9274,9274,9274,0
19851219,9274,9274,9274,9274,0
19851218,9274,9274,9274,9274,0
19851217,9274,9274,9274,9274,0
19851216,9274,9274,9274,9274,200
19851214,9274,9274,9274,9274,0
19851213,9274,9274,9274,9274,0
19851212,9274,9274,9274,9274,0
19851211,9261,9261,9261,9261,700
19851210,9261,9261,9261,9261,80
19851209,9261,9261,9261,9261,80
19851207,9261,9261,9261,9261,0
19851206,9261,9261,9261,9261,0
19851205,9261,9261,9261,9261,0
19851204,9261,9261,9261,9261,0
19851203,9253,9253,9253,9253,800
19851202,9253,9253,9253,9253,0
19851130,9253,9253,9253,9253,60
19851129,9253,9253,9253,9253,0
19851128,9253,9253,9253,9253,0
19851127,9253,9253,9253,9253,0
19851126,9253,9253,9253,9253,0
19851125,9170,9170,9170,9170,460
19851123,9174,9174,9174,9174,0
19851122,9170,9170,9170,9170,400
19851121,9253,9253,9253,9253,1000
19851120,9253,9253,9253,9253,0
19851119,9253,9253,9253,9253,0
19851118,9253,9253,9253,9253,820
19851116,9253,9253,9253,9253,0
19851115,9253,9253,9253,9253,240
19851114,8836,8836,8836,8836,0
19851113,8774,8774,8774,8774,0
19851112,8757,8757,8757,8757,0
19851111,8482,8482,8482,8482,0
19851109,8465,8465,8465,8465,0
19851108,8461,8461,8461,8461,0
19851107,8419,8419,8419,8419,200
19851106,8419,8419,8419,8419,0
19851105,8419,8419,8419,8419,0
19851104,8419,8419,8419,8419,240
19851102,8419,8419,8419,8419,0
19851101,8419,8419,8419,8419,0
19851031,8419,8419,8419,8419,0
19851030,8419,8419,8419,8419,0
19851029,8419,8419,8419,8419,0
19851028,8419,8419,8419,8419,0
19851026,8419,8419,8419,8419,0
19851025,8419,8419,8419,8419,0
19851024,8419,8419,8419,8419,140
19851023,8419,8419,8419,8419,0
19851022,8419,8419,8419,8419,20
19851021,8544,8544,8544,8544,0
19851019,8544,8544,8544,8544,0
19851018,8544,8544,8544,8544,0
19851017,8544,8544,8544,8544,0
19851016,8544,8544,8544,8544,80
19851015,8757,8757,8757,8757,0
19851014,8757,8757,8757,8757,0
19851012,8757,8757,8757,8757,0
19851011,8757,8757,8757,8757,200
19851010,8757,8757,8757,8757,800
19851008,8795,8795,8795,8795,0
19851007,8795,8795,8795,8795,0
19851005,8795,8795,8795,8795,0
19851004,8795,8795,8795,8795,0
19851002,8795,8795,8795,8795,0
19850930,8795,8795,8795,8795,0
19850928,8795,8795,8795,8795,0
19850927,8795,8795,8795,8795,0
19850926,8795,8795,8795,8795,40
19850925,8761,8761,8761,8761,0
19850924,8761,8761,8761,8761,0
19850923,8761,8761,8761,8761,0
19850921,8761,8761,8761,8761,0
19850920,8757,8757,8757,8757,0
19850919,8757,8757,8757,8757,0
19850918,8757,8757,8757,8757,0
19850917,8757,8757,8757,8757,0
19850916,9170,9170,9170,9170,0
19850914,9170,9170,9170,9170,0
19850913,9170,9170,9170,9170,0
19850912,9170,9170,9170,9170,0
19850911,9170,9170,9170,9170,0
19850910,9170,9170,9170,9170,0
19850909,9170,9170,9170,9170,0
19850907,9170,9170,9170,9170,0
19850906,9170,9170,9170,9170,0
19850905,9170,9170,9170,9170,0
19850904,9170,9170,9170,9170,0
19850903,9170,9170,9170,9170,0
19850902,9170,9170,9170,9170,0
19850831,9170,9170,9170,9170,0
19850830,9170,9170,9170,9170,0
19850829,9170,9170,9170,9170,0
19850828,9170,9170,9170,9170,0
19850827,9170,9170,9170,9170,0
19850826,9170,9170,9170,9170,100
19850824,9170,9170,9170,9170,0
19850823,9170,9170,9170,9170,260
19850822,8849,8849,8849,8849,0
19850821,8803,8803,8803,8803,0
19850820,8757,8757,8757,8757,0
19850819,8757,8757,8757,8757,740
19850817,8753,8753,8753,8753,380
19850816,9170,9170,9170,9170,0
19850814,9174,9174,9174,9174,0
19850813,9174,9174,9174,9174,0
19850812,9174,9174,9174,9174,5460
19850810,9174,9178,9174,9174,4240
19850809,9174,9174,9174,9174,0
19850808,9174,9174,9174,9174,0
19850807,9174,9174,9174,9174,0
19850806,9174,9174,9174,9174,0
19850805,9174,9174,9174,9174,20
19850803,9174,9174,9174,9174,0
19850802,9174,9174,9174,9174,0
19850801,9174,9174,9174,9174,0
19850731,9174,9174,9174,9174,0
19850730,9174,9174,9174,9174,0
19850729,9174,9174,9174,9174,0
19850727,9174,9174,9174,9174,0
19850726,9174,9174,9174,9174,0
19850725,9174,9174,9174,9174,220
19850724,9174,9174,9174,9174,0
19850723,9174,9174,9174,9174,0
19850722,9174,9174,9174,9174,160
19850720,9174,9174,9174,9174,0
19850719,9170,9170,9170,9170,0
19850718,9170,9170,9170,9170,0
19850716,9170,9170,9170,9170,0
19850715,9170,9170,9170,9170,0
19850713,9170,9170,9170,9170,0
19850712,9170,9170,9170,9170,0
19850711,9170,9170,9170,9170,0
19850710,9170,9170,9170,9170,0
19850709,9170,9170,9170,9170,0
19850708,9170,9170,9170,9170,0
19850706,9170,9170,9170,9170,0
19850705,9170,9170,9170,9170,0
19850704,9170,9170,9170,9170,0
19850703,9170,9170,9170,9170,0
19850702,9170,9170,9170,9170,0
19850701,9170,9170,9170,9170,0
19850629,9170,9170,9170,9170,0
19850628,9170,9170,9170,9170,0
19850627,9170,9170,9170,9170,0
19850626,9170,9170,9170,9170,0
19850625,9170,9170,9170,9170,0
19850624,9170,9170,9170,9170,0
19850622,9170,9170,9170,9170,0
19850621,9170,9170,9170,9170,0
19850620,9170,9170,9170,9170,0
19850619,9170,9170,9170,9170,0
19850618,9170,9170,9170,9170,200
19850617,9170,9170,9170,9170,100
19850615,9170,9170,9170,9170,200
19850614,9170,9170,9170,9170,3740
19850613,9170,9170,9170,9170,40
19850612,9170,9170,9170,9170,200
19850611,9170,9170,9170,9170,0
19850610,9170,9170,9170,9170,0
19850608,9170,9170,9170,9170,0
19850607,9170,9170,9170,9170,0
19850605,9170,9170,9170,9170,400
19850604,8753,8753,8753,8753,400
19850603,8753,8753,8753,8753,0
19850601,8753,8753,8753,8753,400
19850531,8845,8845,8845,8845,0
19850530,8845,8845,8845,8845,0
19850529,8845,8845,8845,8845,0
19850528,8845,8845,8845,8845,900
19850525,8845,8845,8845,8845,60
19850524,8553,8553,8553,8553,0
19850523,8553,8553,8553,8553,0
19850522,8553,8553,8553,8553,0
19850521,8553,8553,8553,8553,0
19850520,8553,8553,8469,8469,0
19850518,8469,8469,8469,8469,0
19850517,8428,8428,8428,8428,0
19850516,8382,8382,8382,8382,0
19850515,8340,8340,8340,8340,0
19850514,8257,8257,8257,8257,0
19850513,8257,8257,8257,8257,0
19850511,8215,8215,8215,8215,0
19850510,8190,8190,8190,8190,0
19850509,8132,8132,8132,8132,0
19850508,8090,8090,8090,8090,100
19850507,8048,8048,8048,8048,0
19850506,8048,8048,8048,8048,0
19850504,8007,8007,8007,8007,60
19850503,7965,7965,7965,7965,100
19850502,7923,7923,7923,7923,200
19850501,8336,8336,8336,8336,0
19850430,8753,8753,8753,8753,0
19850429,9170,9170,9170,9170,0
19850427,9170,9170,9170,9170,0
19850426,9170,9170,9170,9170,100
19850425,9170,9170,9170,9170,0
19850424,8974,8974,8974,8974,160
19850423,8557,8557,8557,8557,40
19850422,8265,8265,8265,8265,0
19850420,8261,8261,8261,8261,0
19850419,8257,8257,8257,8257,0
19850418,8253,8253,8253,8253,0
19850417,8249,8249,8249,8249,100
19850416,8244,8244,8244,8244,360
19850415,8240,8240,8240,8240,0
19850413,8240,8240,8240,8240,0
19850412,8240,8240,8240,8240,0
19850411,8249,8249,8240,8240,340
19850410,8244,8244,8244,8244,200
19850409,8240,8240,8240,8240,0
19850408,8240,8240,8240,8240,0
19850406,8240,8240,8240,8240,0
19850404,8240,8240,8240,8240,0
19850403,8228,8228,8228,8228,0
19850402,8224,8224,8224,8224,220
19850401,8219,8219,8219,8219,0
19850330,8215,8215,8215,8215,0
19850329,8215,8215,8215,8215,0
19850328,8211,8211,8211,8211,0
19850327,8169,8190,8169,8190,220
19850326,8169,8169,8169,8169,200
19850325,8169,8169,8169,8169,100
19850323,8586,8586,8586,8586,0
19850322,8582,8586,8582,8586,80
19850321,8999,8999,8999,8999,20
19850320,9374,9374,9374,9374,0
19850319,9374,9374,9374,9374,0
19850318,9437,9437,9437,9437,0
19850316,9437,9437,9437,9437,0
19850315,9437,9437,9437,9437,0
19850314,9437,9437,9437,9437,0
19850313,9437,9437,9437,9437,0
19850312,9457,9457,9457,9457,0
19850311,9478,9478,9478,9478,0
19850309,9482,9482,9482,9482,0
19850308,9482,9482,9482,9482,0
19850307,9482,9482,9482,9482,0
19850306,9482,9482,9482,9482,0
19850305,9482,9482,9482,9482,0
19850304,9503,9503,9503,9503,0
19850302,9541,9541,9541,9541,20
19850228,9582,9582,9582,9582,0
19850227,9582,9582,9582,9582,0
19850226,9582,9582,9582,9582,0
19850225,9582,9582,9582,9582,0
19850223,9582,9582,9582,9582,0
19850222,9582,9582,9582,9582,0
19850221,9582,9582,9582,9582,0
19850219,9582,9582,9582,9582,0
19850218,9582,9582,9582,9582,0
19850216,9587,9587,9587,9587,0
19850215,9587,9587,9587,9587,20
19850214,9420,9420,9420,9420,0
19850213,9420,9420,9420,9420,0
19850211,9420,9420,9420,9420,0
19850209,9420,9420,9420,9420,0
19850208,9420,9420,9420,9420,0
19850207,9420,9420,9420,9420,0
19850206,9420,9420,9420,9420,0
19850205,9420,9420,9420,9420,0
19850204,9420,9420,9420,9420,0
19850202,9420,9420,9420,9420,0
19850201,9420,9420,9420,9420,0
19850131,9420,9420,9420,9420,0
19850130,9420,9420,9420,9420,0
19850129,9420,9420,9420,9420,0
19850128,9420,9420,9420,9420,0
19850126,9420,9420,9420,9420,0
19850125,9420,9420,9420,9420,0
19850124,9420,9420,9420,9420,0
19850123,9420,9420,9420,9420,0
19850122,9420,9420,9420,9420,0
19850121,9420,9420,9420,9420,0
19850119,9420,9420,9420,9420,0
19850118,9420,9420,9420,9420,0
19850117,9420,9420,9420,9420,200
19850116,9420,9420,9420,9420,0
19850115,9420,9420,9420,9420,740
19850114,9399,9399,9399,9399,0
19850112,9399,9399,9399,9399,740
19850111,9382,9382,9382,9382,0
19850110,9382,9382,9382,9382,0
19850109,9382,9382,9382,9382,0
19850108,9382,9382,9382,9382,0
19850107,9382,9382,9382,9382,0
19850105,9382,9382,9382,9382,0
19850104,9382,9382,9382,9382,0
19841224,9382,9382,9382,9382,0
19841222,9382,9382,9382,9382,0
19841221,9382,9382,9382,9382,0
19841220,9382,9382,9382,9382,0
19841219,9382,9382,9382,9382,0
19841218,9382,9382,9382,9382,0
19841217,9382,9382,9382,9382,0
19841215,9382,9382,9382,9382,0
19841214,9382,9382,9382,9382,0
19841213,9382,9382,9382,9382,200
19841212,9382,9382,9382,9382,0
19841211,9382,9382,9382,9382,0
19841210,9382,9382,9382,9382,60
19841208,9382,9382,9382,9382,0
19841207,9382,9382,9382,9382,0
19841206,9382,9382,9382,9382,0
19841205,9382,9382,9382,9382,0
19841204,9382,9382,9382,9382,60
19841203,8965,8965,8965,8965,0
19841201,8965,8965,8965,8965,0
19841130,8965,8965,8965,8965,0
19841129,8549,8549,8549,8549,0
19841128,8544,8544,8544,8544,0
19841127,8544,8544,8544,8544,200
19841126,8961,8961,8961,8961,0
19841124,8961,8961,8961,8961,0
19841123,8961,8961,8961,8961,160
19841122,8961,8961,8961,8961,200
19841121,8961,8961,8961,8961,0
19841120,8961,8961,8961,8961,0
19841119,8961,8961,8961,8961,0
19841117,8961,8961,8961,8961,0
19841116,8961,8961,8961,8961,0
19841115,8961,8961,8961,8961,400
19841114,8957,8957,8957,8957,820
19841113,9374,9374,9374,9374,0
19841112,9791,9791,9791,9791,0
19841110,10208,10208,10208,10208,0
19841109,10208,10208,10208,10208,0
19841108,10208,10208,10208,10208,0
19841107,10212,10212,10212,10212,0
19841106,10212,10212,10212,10212,0
19841105,10291,10291,10291,10291,0
19841103,10295,10295,10295,10295,0
19841102,10358,10358,10358,10358,0
19841101,10358,10358,10358,10358,500
19841031,10366,10366,10366,10366,0
19841030,10370,10370,10370,10370,0
19841029,10274,10374,10274,10374,560
19841027,10295,10295,10295,10295,0
19841026,10329,10329,10329,10329,380
19841025,10349,10349,10349,10349,400
19841024,10354,10354,10354,10354,0
19841023,10366,10366,10366,10366,260
19841022,10374,10374,10374,10374,0
19841020,10374,10374,10374,10374,0
19841019,10374,10374,10374,10374,0
19841018,10379,10379,10379,10379,0
19841017,10387,10387,10387,10387,0
19841016,10408,10408,10408,10408,0
19841015,10408,10408,10408,10408,0
19841013,10408,10408,10408,10408,0
19841012,10408,10408,10408,10408,0
19841011,10408,10408,10408,10408,0
19841010,10408,10408,10408,10408,0
19841008,10408,10408,10408,10408,0
19841006,10408,10408,10408,10408,0
19841005,10408,10408,10408,10408,0
19841004,10408,10408,10408,10408,0
19841002,10412,10412,10412,10412,0
19840929,10412,10412,10412,10412,0
19840928,10416,10416,10416,10416,0
19840927,10420,10420,10420,10420,0
19840926,10420,10420,10420,10420,0
19840925,10420,10420,10420,10420,0
19840924,10420,10420,10420,10420,0
19840922,10420,10420,10420,10420,0
19840921,10420,10420,10420,10420,0
19840920,10420,10420,10420,10420,0
19840919,10420,10420,10420,10420,0
19840918,10420,10420,10420,10420,0
19840917,10420,10420,10420,10420,0
19840915,10420,10420,10420,10420,0
19840914,10420,10420,10420,10420,0
19840913,10420,10420,10420,10420,0
19840912,10420,10420,10420,10420,0
19840911,10420,10420,10420,10420,0
19840908,10420,10420,10420,10420,0
19840907,10420,10420,10420,10420,0
19840906,10420,10420,10420,10420,0
19840905,10420,10420,10420,10420,0
19840904,10420,10420,10420,10420,0
19840903,10420,10420,10420,10420,120
19840901,2796,2796,2796,2796,0
19840831,10420,10420,10420,10420,0
19840830,10420,10420,10420,10420,0
19840829,10420,10420,10420,10420,40
19840828,10420,10420,10420,10420,0
19840827,10420,10420,10420,10420,0
19840825,10420,10420,10420,10420,0
19840824,10420,10420,10420,10420,200
19840823,10420,10420,10420,10420,0
19840822,10420,10420,10420,10420,760
19840821,10420,10420,10420,10420,0
19840820,10420,10420,10420,10420,0
19840818,10420,10420,10420,10420,0
19840817,10420,10420,10420,10420,0
19840816,10420,10420,10420,10420,0
19840814,10420,10420,10420,10420,0
19840813,10420,10420,10420,10420,0
19840811,10420,10420,10420,10420,0
19840810,10420,10420,10420,10420,0
19840809,10420,10420,10420,10420,0
19840808,10420,10420,10420,10420,0
19840807,10420,10420,10420,10420,0
19840806,10420,10420,10420,10420,0
19840804,10420,10420,10420,10420,0
19840803,10420,10420,10420,10420,0
19840802,10420,10420,10420,10420,0
19840801,10420,10420,10420,10420,0
19840731,10420,10420,10420,10420,0
19840730,10420,10420,10420,10420,0
19840728,10420,10420,10420,10420,0
19840727,10420,10420,10420,10420,0
19840726,10420,10420,10420,10420,0
19840725,10420,10420,10420,10420,0
19840724,10420,10420,10420,10420,0
19840723,10420,10420,10420,10420,0
19840721,10420,10420,10420,10420,0
19840720,10420,10420,10420,10420,0
19840719,10420,10420,10420,10420,0
19840718,10420,10420,10420,10420,0
19840716,10420,10420,10420,10420,0
19840714,10420,10420,10420,10420,0
19840713,10420,10420,10420,10420,0
19840712,10420,10420,10420,10420,0
19840711,10420,10420,10420,10420,0
19840710,10420,10420,10420,10420,0
19840709,10420,10420,10420,10420,0
19840707,10420,10420,10420,10420,0
19840706,10420,10420,10420,10420,0
19840705,10420,10420,10420,10420,0
19840704,10420,10420,10420,10420,60
19840703,10837,10837,10837,10837,0
19840702,10837,10837,10837,10837,0
19840630,10837,10837,10837,10837,0
19840629,10837,10837,10837,10837,40
19840628,10837,10837,10837,10837,0
19840627,10837,10837,10837,10837,20
19840626,11254,11254,11254,11254,20
19840625,11254,11254,11254,11254,0
19840623,11254,11254,11254,11254,0
19840622,11337,11337,11337,11337,0
19840621,10920,11337,10920,11337,260
19840620,10920,10920,10920,10920,20
19840619,10837,10837,10837,10837,200
19840618,10837,10837,10837,10837,0
19840616,10837,10837,10837,10837,0
19840615,10837,10837,10837,10837,40
19840614,11254,11254,11254,11254,0
19840613,11254,11254,11254,11254,0
19840612,11671,11671,11671,11671,0
19840611,11671,11671,11671,11671,0
19840609,11671,11671,11671,11671,0
19840608,11671,11671,11671,11671,220
19840607,11879,11879,11879,11879,0
19840605,12088,12088,12088,12088,0
19840604,12296,12296,12296,12296,0
19840602,12504,12504,12504,12504,0
19840601,12504,12504,12504,12504,0
19840531,12504,12504,12504,12504,1520
19840530,12088,12088,12088,12088,300
19840529,11671,11671,11671,11671,3100
19840528,11254,11254,11254,11254,940
19840526,10837,10837,10837,10837,340
19840525,10420,10420,10420,10420,20
19840524,9587,10003,9587,10003,100
19840523,9587,9587,9587,9587,0
19840522,9170,9170,9170,9170,100
19840521,8753,8753,8753,8753,400
19840519,8544,8544,8544,8544,0
19840518,8336,8336,8336,8336,0
19840517,8336,8336,8336,8336,0
19840516,8336,8336,8336,8336,0
19840515,8336,8336,8336,8336,0
19840514,8336,8336,8336,8336,20
19840512,8336,8336,8336,8336,200
19840511,8336,8336,8336,8336,900
19840510,8336,8336,8336,8336,0
19840509,8336,8336,8336,8336,200
19840507,8336,8336,8336,8336,0
19840504,8336,8336,8336,8336,340
19840503,8253,8253,8253,8253,0
19840502,8128,8128,8128,8128,0
19840501,8128,8128,8128,8128,0
19840430,8128,8128,8128,8128,200
19840428,8128,8128,8128,8128,0
19840427,8128,8128,8128,8128,0
19840426,8128,8132,8128,8128,2720
19840425,7669,7919,7669,7919,720
19840424,7711,7711,7711,7711,0
19840423,7711,7711,7711,7711,0
19840421,7711,7711,7711,7711,0
19840420,7711,7711,7711,7711,0
19840419,7711,7711,7711,7711,200
19840418,7711,7711,7711,7711,0
19840417,7711,7711,7711,7711,500
19840416,7711,7711,7711,7711,0
19840414,7711,7711,7711,7711,1000
19840413,7711,7711,7711,7711,0
19840412,7711,7711,7711,7711,460
19840411,7544,7544,7544,7544,0
19840410,7544,7544,7544,7544,0
19840409,7544,7544,7544,7544,0
19840407,7544,7544,7544,7544,0
19840406,7502,7502,7502,7502,60
19840404,7502,7502,7502,7502,1000
19840403,7502,7502,7502,7502,1000
19840402,7502,7502,7502,7502,0
19840331,7502,7502,7502,7502,0
19840330,7502,7502,7502,7502,0
19840329,7502,7502,7502,7502,0
19840328,7502,7502,7502,7502,660
19840327,7377,7377,7377,7377,40
19840326,7377,7377,7377,7377,0
19840324,7377,7377,7377,7377,600
19840323,7086,7086,7086,7086,0
19840322,7086,7086,7086,7086,600
19840321,7086,7086,7086,7086,0
19840320,7086,7086,7086,7086,600
19840319,7211,7211,7211,7211,0
19840317,7211,7211,7211,7211,0
19840316,7211,7211,7211,7211,100
19840315,7211,7211,7211,7211,0
19840314,7211,7211,7211,7211,0
19840313,7461,7461,7461,7461,0
19840312,7461,7461,7461,7461,0
19840309,7461,7461,7461,7461,0
19840308,7461,7461,7461,7461,0
19840307,7461,7461,7461,7461,0
19840306,7461,7461,7461,7461,0
19840305,7461,7461,7461,7461,0
19840303,7461,7461,7461,7461,0
19840302,7461,7461,7461,7461,0
19840229,7461,7461,7461,7461,0
19840228,7461,7461,7461,7461,0
19840227,7461,7461,7461,7461,0
19840225,7461,7461,7461,7461,0
19840224,7461,7461,7461,7461,0
19840223,7461,7461,7461,7461,0
19840222,7461,7461,7461,7461,20
19840221,7461,7461,7461,7461,60
19840220,7507,7507,7507,7507,0
19840218,7507,7507,7507,7507,10400
19840217,7377,7377,7377,7377,0
19840216,7377,7377,7377,7377,0
19840215,7294,7294,7294,7294,0
19840214,7211,7211,7211,7211,0
19840213,7086,7086,7086,7086,0
19840211,7086,7086,7086,7086,0
19840210,6752,6965,6752,6965,10040
19840209,6673,6673,6673,6673,0
19840208,6585,6585,6585,6585,0
19840207,6465,6465,6465,6465,7600
19840206,6419,6419,6419,6419,0
19840204,6377,6377,6377,6377,0
19840203,6356,6356,6356,6356,0
19840202,6335,6335,6335,6335,0
19840201,6335,6335,6335,6335,0
19840131,6260,6260,6260,6260,0
19840130,6260,6260,6260,6260,0
19840128,6260,6260,6260,6260,0
19840127,6064,6064,6064,6064,0
19840126,6056,6056,6056,6056,0
19840125,6056,6056,6056,6056,0
19840124,6056,6056,6056,6056,0
19840123,6056,6056,6056,6056,0
19840121,6048,6048,6048,6048,0
19840120,6048,6048,6048,6048,0
19840119,6048,6048,6048,6048,0
19840118,6044,6044,6044,6044,0
19840117,6035,6035,6035,6035,0
19840116,6027,6027,6027,6027,40
19840114,6027,6027,6027,6027,0
19840113,6027,6027,6027,6027,0
19840112,6023,6023,6023,6023,0
19840111,6023,6023,6023,6023,0
19840110,6002,6002,6002,6002,0
19840109,6002,6002,6002,6002,0
19840107,6002,6002,6002,6002,0
19840106,5952,5952,5952,5952,0
19840105,5952,5952,5952,5952,0
19840104,5952,5952,5952,5952,0
19831224,5952,5952,5952,5952,0
19831223,5952,5952,5952,5952,0
19831222,5952,5952,5952,5952,0
19831221,5952,5952,5952,5952,0
19831220,5952,5952,5952,5952,0
19831219,5952,5952,5952,5952,0
19831217,5952,5952,5952,5952,0
19831216,5952,5952,5952,5952,0
19831215,5952,5952,5952,5952,0
19831214,5952,5952,5952,5952,0
19831213,5952,5952,5952,5952,0
19831212,5952,5952,5952,5952,0
19831210,5952,5952,5952,5952,0
19831209,5952,5952,5952,5952,0
19831208,5948,5948,5948,5948,0
19831207,5943,5943,5943,5943,0
19831206,5939,5939,5939,5939,20
19831205,5943,5943,5943,5943,0
19831203,5943,5943,5943,5943,0
19831202,5939,5939,5939,5939,0
19831201,5939,5939,5939,5939,5000
19831130,5923,5923,5923,5923,0
19831129,5923,5923,5923,5923,0
19831128,5923,5923,5923,5923,0
19831126,5923,5923,5923,5923,0
19831125,5923,5923,5923,5923,0
19831124,5923,5923,5923,5923,0
19831123,5923,5923,5923,5923,0
19831122,5923,5923,5923,5923,0
19831121,5923,5923,5923,5923,0
19831119,5923,5923,5923,5923,0
19831118,5923,5923,5923,5923,0
19831117,5923,5923,5923,5923,0
19831116,5923,5923,5923,5923,0
19831115,5923,5923,5923,5923,0
19831114,5923,5923,5923,5923,0
19831112,5923,5923,5923,5923,0
19831111,5923,5923,5923,5923,0
19831110,5923,5923,5923,5923,0
19831109,5923,5923,5923,5923,0
19831108,5923,5923,5923,5923,0
19831107,5923,5923,5923,5923,0
19831105,5923,5923,5923,5923,0
19831104,5923,5923,5923,5923,0
19831103,5918,5918,5918,5918,880
19831102,5981,5981,5981,5981,0
19831101,5968,5968,5968,5968,0
19831031,5968,5968,5968,5968,0
19831029,5968,5968,5968,5968,0
19831028,5968,5968,5968,5968,0
19831027,5960,5960,5960,5960,0
19831026,5960,5960,5960,5960,0
19831025,5960,5960,5960,5960,0
19831024,5960,5960,5960,5960,0
19831022,5960,5960,5960,5960,0
19831021,5960,5960,5960,5960,120
19831020,6044,6044,6044,6044,0
19831019,6044,6044,6044,6044,0
19831018,6044,6044,6044,6044,0
19831017,6044,6044,6044,6044,0
19831015,6044,6044,6044,6044,0
19831014,6044,6044,6044,6044,0
19831013,6044,6044,6044,6044,0
19831012,6044,6044,6044,6044,0
19831011,6044,6044,6044,6044,0
19831010,6044,6044,6044,6044,0
19831008,6044,6044,6044,6044,0
19831007,6044,6044,6044,6044,0
19831006,6044,6044,6044,6044,0
19831005,5918,5918,5918,5918,0
19831004,5918,5918,5918,5918,0
19830930,5918,5918,5918,5918,0
19830929,5918,5918,5918,5918,0
19830928,5918,5918,5918,5918,0
19830927,5918,5918,5918,5918,0
19830926,5918,5918,5918,5918,0
19830924,5918,5918,5918,5918,0
19830923,5918,5918,5918,5918,0
19830922,5918,5918,5918,5918,0
19830920,5918,5918,5918,5918,0
19830919,5918,5918,5918,5918,0
19830917,5918,5918,5918,5918,0
19830916,5918,5918,5918,5918,0
19830915,5898,5898,5898,5898,0
19830914,5835,5835,5835,5835,0
19830913,5835,5835,5835,5835,0
19830912,5835,5835,5835,5835,0
19830910,5835,5835,5835,5835,0
19830909,5835,5835,5835,5835,0
19830908,5835,5835,5835,5835,0
19830907,5835,5835,5835,5835,0
19830906,5835,5835,5835,5835,0
19830905,5835,5835,5835,5835,20
19830903,5960,5960,5960,5960,0
19830902,5960,5960,5960,5960,0
19830901,5960,5960,5960,5960,0
19830831,5960,5960,5960,5960,0
19830830,5960,5960,5960,5960,0
19830829,6335,6335,6335,6335,200
19830827,6335,6335,6335,6335,0
19830826,6335,6335,6335,6335,300
19830825,6335,6335,6335,6335,0
19830824,6335,6335,6335,6335,0
19830823,6335,6335,6335,6335,0
19830822,6335,6335,6335,6335,0
19830820,6335,6335,6335,6335,0
19830819,6335,6335,6335,6335,0
19830818,6335,6335,6335,6335,0
19830817,6335,6335,6335,6335,220
19830816,6335,6335,6335,6335,0
19830813,6335,6335,6335,6335,0
19830812,6335,6335,6335,6335,20
19830811,6335,6335,6335,6335,0
19830810,6335,6335,6335,6335,0
19830809,6335,6335,6335,6335,0
19830808,6335,6335,6335,6335,0
19830806,6335,6335,6335,6335,4400
19830805,6314,6314,6314,6314,0
19830804,6314,6314,6314,6314,0
19830803,6314,6314,6314,6314,0
19830802,6314,6314,6314,6314,0
19830801,6314,6314,6314,6314,0
19830730,6314,6314,6314,6314,0
19830729,6314,6314,6314,6314,0
19830728,6314,6314,6314,6314,0
19830727,6314,6314,6314,6314,0
19830726,6314,6314,6314,6314,0
19830725,6314,6314,6314,6314,0
19830723,6314,6314,6314,6314,0
19830722,6314,6314,6314,6314,0
19830721,6314,6314,6314,6314,0
19830720,6314,6314,6314,6314,0
19830719,6314,6314,6314,6314,0
19830718,6314,6314,6314,6314,0
19830716,6314,6314,6314,6314,0
19830715,6314,6314,6314,6314,0
19830714,6314,6314,6314,6314,0
19830713,6314,6314,6314,6314,0
19830712,6314,6314,6314,6314,0
19830711,6314,6314,6314,6314,0
19830709,6314,6314,6314,6314,0
19830708,6314,6314,6314,6314,0
19830707,6314,6314,6314,6314,0
19830706,6314,6314,6314,6314,0
19830705,6335,6335,6314,6314,9200
19830704,6335,6335,6335,6335,0
19830702,6335,6335,6335,6335,12500
19830701,6335,6335,6335,6335,0
19830630,6335,6335,6335,6335,15200
19830629,6377,6377,6377,6377,0
19830628,6419,6419,6419,6419,20
19830627,6423,6423,6423,6423,0
19830625,6423,6423,6423,6423,0
19830624,6423,6423,6423,6423,0
19830623,6423,6423,6423,6423,0
19830622,6423,6423,6423,6423,0
19830621,6423,6423,6423,6423,0
19830620,6423,6423,6423,6423,0
19830618,6423,6423,6423,6423,0
19830617,6423,6423,6423,6423,0
19830616,6423,6423,6423,6423,0
19830615,6423,6423,6423,6423,0
19830614,6423,6423,6423,6423,0
19830613,6423,6423,6423,6423,0
19830611,6423,6423,6423,6423,0
19830610,6423,6423,6423,6423,0
19830609,6423,6423,6423,6423,0
19830608,6423,6423,6423,6423,0
19830607,6423,6423,6423,6423,0
19830604,6423,6423,6423,6423,1680
19830603,6423,6423,6423,6423,0
19830602,6423,6423,6423,6423,6380
19830601,6423,6423,6423,6423,0
19830531,6423,6423,6423,6423,0
19830530,6423,6423,6423,6423,0
19830528,6423,6423,6423,6423,0
19830527,6423,6423,6423,6423,6000
19830526,6423,6423,6423,6423,0
19830525,6423,6423,6423,6423,0
19830524,6423,6423,6423,6423,6000
19830523,6423,6423,6423,6423,0
19830521,6423,6423,6423,6423,8200
19830519,6402,6402,6402,6402,0
19830518,6402,6402,6402,6402,7000
19830517,6377,6377,6377,6377,140
19830516,6377,6377,6377,6377,40
19830514,6273,6273,6273,6273,0
19830513,6169,6169,6169,6169,0
19830512,6169,6169,6169,6169,0
19830511,6169,6169,6169,6169,0
19830510,6169,6169,6169,6169,0
19830509,6044,6044,6044,6044,0
19830507,6044,6044,6044,6044,0
19830506,6044,6044,6044,6044,0
19830504,5835,5835,5835,5835,0
19830503,5835,5835,5835,5835,0
19830502,5835,5835,5835,5835,0
19830430,5835,5835,5835,5835,0
19830429,5835,5835,5835,5835,0
19830428,5835,5835,5835,5835,0
19830427,5835,5835,5835,5835,0
19830426,5835,5835,5835,5835,0
19830425,5814,5814,5814,5814,0
19830423,5793,5793,5793,5793,0
19830422,5731,5731,5731,5731,0
19830421,5710,5710,5710,5710,80
19830420,5627,5627,5627,5627,0
19830419,5585,5585,5585,5585,0
19830418,5585,5585,5585,5585,0
19830416,5585,5585,5585,5585,0
19830415,5564,5564,5564,5564,0
19830414,5543,5543,5543,5543,0
19830413,5522,5522,5522,5522,0
19830412,5502,5502,5502,5502,20
19830411,5502,5502,5502,5502,60
19830409,5502,5502,5502,5502,60
19830408,5502,5502,5502,5502,0
19830407,5502,5502,5502,5502,0
19830406,5502,5502,5502,5502,0
19830404,5502,5502,5502,5502,0
19830402,5502,5502,5502,5502,0
19830401,5418,5418,5418,5418,0
19830331,5252,5252,5252,5252,0
19830330,5252,5252,5252,5252,0
19830329,5252,5252,5252,5252,0
19830328,5252,5252,5252,5252,0
19830326,5252,5252,5252,5252,0
19830325,5252,5252,5252,5252,0
19830324,5252,5252,5252,5252,0
